100 100
0 89 10 0 0 0 45 15 29 53 12 0 63 0 92 79 98 80 0 42 5 0 19 70 40 33 49 0 67 27 58 75 51 0 0 10 0 0 45 37 0 0 65 0 0 0 0 0 0 0 0 54 90 97 76 14 66 21 0 17 77 9 78 0 29 14 0 0 0 0 31 97 0 0 0 18 43 0 56 75 31 12 34 77 46 0 0 54 56 0 79 0 42 86 0 47 7 48 84 0 
0 0 41 0 63 0 45 0 45 85 10 26 2 0 0 82 44 37 0 38 35 70 0 15 2 0 3 53 32 55 0 97 71 74 64 0 0 100 52 19 83 52 47 0 2 4 58 0 17 32 67 0 0 60 0 43 91 55 59 38 54 0 0 13 49 0 18 0 0 32 0 63 52 20 0 76 45 0 92 0 2 0 41 50 17 0 85 88 0 53 25 0 30 81 4 22 0 60 71 66 
23 59 38 55 18 0 0 70 88 87 0 4 85 0 0 0 12 31 0 63 86 0 5 35 0 22 0 0 11 95 90 15 43 0 0 56 0 0 4 26 32 0 43 68 0 0 0 0 0 0 0 56 32 51 94 0 53 49 54 3 0 7 0 0 83 36 77 79 6 61 0 0 23 0 58 31 82 0 45 81 0 0 64 0 0 0 27 0 30 39 0 30 12 9 57 0 0 0 11 63 
0 58 18 53 62 70 0 3 0 65 94 71 15 33 0 0 81 50 89 0 0 94 80 52 20 34 6 2 89 87 63 89 0 88 0 100 91 65 0 0 0 85 0 0 60 0 0 0 52 57 59 0 50 13 0 19 90 100 0 0 0 0 50 23 31 35 0 8 14 56 29 0 34 0 0 12 0 39 59 39 0 50 0 20 85 78 0 0 80 32 18 9 69 52 20 0 48 5 60 0 
98 79 24 0 0 36 84 0 46 33 0 62 0 69 56 0 0 69 81 13 0 0 71 16 0 29 17 88 0 39 0 62 42 5 0 0 95 0 76 84 98 45 55 0 51 6 0 0 35 31 0 18 0 0 15 0 49 99 0 11 0 10 65 8 0 10 58 0 87 0 26 2 0 33 0 68 11 0 25 58 10 10 36 0 0 32 55 13 68 57 0 0 35 0 0 77 88 45 70 0 
41 48 0 0 27 7 97 0 59 0 82 41 0 94 0 20 0 96 29 28 74 23 0 0 45 48 64 91 31 4 57 41 83 0 0 0 19 44 19 69 0 0 36 35 24 0 35 56 8 22 0 0 0 0 0 0 10 71 42 0 3 0 79 15 0 10 28 0 25 36 0 5 22 54 62 4 3 15 31 77 88 0 0 70 0 24 0 57 36 0 73 0 0 0 0 68 50 0 0 0 
0 0 19 0 0 50 88 57 0 0 41 40 8 0 0 0 97 0 52 39 45 0 0 83 31 0 53 60 68 0 93 65 5 71 0 27 19 94 84 87 39 57 7 0 23 0 0 28 94 96 37 0 80 0 93 0 0 90 96 0 0 0 0 10 0 0 57 0 58 75 42 56 0 89 99 30 15 74 69 0 0 0 0 57 0 0 7 0 46 98 100 0 70 0 59 0 0 0 69 59 
67 100 0 72 52 0 99 50 36 0 0 68 0 0 0 66 0 93 69 0 0 43 50 0 30 98 29 62 13 12 18 0 71 66 0 0 0 71 36 86 0 0 94 11 0 65 24 0 57 86 0 52 40 65 0 87 12 0 67 18 0 0 0 0 7 0 0 0 0 0 0 0 86 0 0 34 0 34 0 72 97 0 52 15 15 51 0 58 51 45 2 20 16 61 64 30 71 0 49 93 
97 80 43 94 39 74 1 92 95 62 72 36 44 10 48 0 0 5 37 90 0 0 52 2 41 61 0 96 42 100 38 72 58 2 18 0 57 49 0 0 54 15 91 98 0 0 84 0 58 0 77 0 90 76 6 93 73 78 0 57 0 35 0 0 19 60 80 84 93 51 1 0 94 0 98 0 63 59 86 90 64 47 0 0 84 0 12 49 35 0 2 76 16 22 31 0 0 28 18 0 
55 68 0 49 93 26 0 0 83 87 0 69 0 0 99 0 0 0 33 90 39 0 0 7 0 24 0 0 25 0 89 0 28 95 0 43 0 42 8 4 40 0 0 0 91 0 0 82 9 0 49 14 89 0 59 89 94 26 66 57 4 0 0 65 0 33 41 0 0 84 0 21 0 2 0 94 49 23 88 80 29 0 39 49 35 0 0 1 0 42 74 0 0 0 0 62 29 0 0 0 
0 0 41 0 0 0 29 97 0 44 3 64 29 3 43 87 0 13 97 87 0 0 74 67 99 69 8 85 14 0 0 59 0 46 39 75 20 0 37 73 0 30 23 96 66 0 77 23 5 0 31 0 8 45 69 0 23 0 23 100 0 93 0 0 83 99 0 0 22 95 87 31 84 71 59 28 61 0 38 0 13 15 99 16 0 6 29 67 13 0 0 6 69 84 0 0 0 0 9 34 
16 81 2 68 67 0 26 14 32 17 19 0 18 35 0 95 0 27 0 8 0 96 0 0 75 0 0 25 0 0 0 77 0 39 8 85 60 0 14 55 98 38 27 0 92 63 0 0 34 0 73 2 43 7 54 82 18 35 4 75 16 27 1 29 0 0 15 26 0 43 0 92 0 53 0 49 20 33 37 0 54 97 91 43 78 72 56 0 0 89 46 0 76 14 57 22 0 5 59 71 
12 48 35 0 96 65 45 48 0 75 64 7 79 0 0 0 15 0 0 57 9 0 0 0 32 0 58 0 40 0 0 18 0 15 3 26 0 0 0 0 42 0 0 0 35 57 0 48 56 0 7 35 70 0 0 95 0 0 75 0 42 0 4 98 44 0 19 0 33 4 75 74 26 0 66 0 42 0 57 68 9 57 0 38 0 97 20 64 37 88 95 0 0 43 98 98 0 0 0 90 
0 64 0 0 21 43 0 42 80 0 31 85 15 83 0 78 10 0 91 8 1 0 0 0 0 0 65 0 33 0 0 24 77 38 57 35 0 59 50 85 52 19 0 0 0 86 82 100 0 42 0 82 11 0 94 0 0 0 47 7 60 49 67 95 0 0 50 0 0 59 0 0 91 0 22 96 72 0 68 95 0 88 53 0 81 0 0 15 99 0 74 50 10 62 33 89 0 27 0 45 
54 4 94 10 0 18 0 6 86 8 16 0 0 0 94 73 67 0 10 0 86 0 88 23 65 0 9 78 0 0 39 92 59 54 2 71 0 49 19 51 0 21 67 95 0 0 0 0 43 72 18 21 73 0 27 79 61 0 0 0 0 40 0 0 77 79 0 15 59 0 0 38 83 89 4 77 45 32 93 67 0 0 77 97 61 0 0 0 11 0 7 0 25 14 69 0 58 9 0 0 
74 82 0 0 49 0 0 71 66 0 79 0 0 11 0 0 13 89 44 0 0 0 73 49 68 0 29 0 29 29 11 34 82 33 82 67 75 0 0 27 0 43 64 0 50 47 73 0 27 0 2 18 21 0 76 14 13 0 65 27 42 99 83 17 56 72 87 56 6 89 0 49 57 23 0 82 87 0 0 46 82 0 42 59 0 0 2 0 62 0 0 0 1 0 2 25 0 77 0 0 
97 0 58 0 0 69 0 23 27 53 90 57 92 46 0 0 0 13 4 0 0 93 0 31 94 0 0 62 29 67 0 17 0 76 90 95 90 0 13 41 16 0 94 39 70 0 78 0 30 99 17 21 0 0 0 0 91 58 69 8 0 35 0 0 0 0 19 0 74 0 94 63 70 89 4 0 45 0 20 30 0 15 0 78 12 0 38 56 0 5 62 0 0 78 51 0 96 0 0 6 
30 7 92 0 43 0 0 0 0 0 98 49 0 0 0 0 40 76 0 53 0 36 32 0 0 83 80 0 52 89 78 67 92 0 0 21 78 19 0 86 0 45 27 0 22 19 0 23 96 82 0 66 0 42 0 0 0 0 94 0 0 25 0 62 10 29 18 1 0 29 75 64 0 64 68 2 75 0 69 50 0 0 41 8 74 89 86 12 39 46 0 0 0 89 71 0 74 34 42 0 
69 0 87 92 0 34 0 0 87 0 8 0 0 55 0 0 11 0 0 50 22 0 0 55 0 43 93 68 48 0 81 39 39 17 0 79 0 45 0 0 44 0 0 45 47 0 93 66 91 0 0 69 0 79 0 0 81 50 0 69 0 0 0 12 90 15 11 87 0 52 0 7 0 0 0 0 30 100 77 97 0 75 92 0 0 90 0 58 83 0 79 6 0 0 84 42 78 0 9 8 
0 79 33 0 54 22 91 0 79 48 4 0 78 6 0 66 0 65 59 3 0 71 38 88 12 0 33 94 0 72 0 0 65 50 98 0 43 0 0 0 0 93 0 100 0 33 10 0 96 35 0 0 0 0 10 49 33 0 29 50 0 11 10 0 0 25 0 16 0 0 35 0 41 100 0 0 0 0 0 60 0 30 37 0 62 4 18 30 22 69 60 66 0 6 16 68 0 0 0 0 
0 39 0 0 0 8 88 0 0 34 0 8 5 0 82 14 0 86 22 11 0 0 44 0 0 79 0 47 0 0 32 93 0 73 0 65 8 47 0 0 84 69 94 54 0 0 0 73 98 73 0 23 53 0 0 0 61 0 46 34 0 79 0 64 15 0 35 76 0 16 79 64 31 67 0 35 16 52 0 50 0 67 0 93 93 0 68 0 0 86 0 0 29 77 59 51 0 81 100 82 
39 0 14 14 0 14 0 32 0 0 49 38 63 0 0 36 0 6 0 20 53 21 74 34 79 0 9 66 0 72 47 24 86 0 54 6 51 0 61 62 71 0 29 0 14 0 7 0 0 43 42 52 46 39 3 7 0 53 0 84 29 0 83 94 0 77 51 73 45 0 0 9 0 58 0 43 8 45 1 0 0 74 41 75 87 0 0 0 21 14 0 21 0 69 56 62 55 35 0 9 
82 1 6 13 68 7 0 0 64 0 0 0 32 92 0 68 0 0 64 80 29 0 57 26 12 0 0 83 57 0 71 0 0 0 0 32 75 25 81 24 0 0 74 0 0 25 98 0 42 0 43 19 0 10 0 86 33 62 90 77 0 0 98 39 0 0 58 0 0 20 36 61 0 0 52 58 3 42 19 21 0 62 0 79 71 95 0 55 0 56 0 66 0 72 74 77 0 0 7 48 
0 8 62 0 11 0 0 67 88 0 0 0 0 82 0 0 0 0 28 67 60 9 99 0 66 75 0 72 0 79 97 0 89 26 0 49 97 0 0 0 55 82 35 0 49 99 7 83 0 78 0 70 0 7 0 0 0 74 0 0 18 28 96 10 94 8 35 61 50 56 11 0 0 86 55 25 0 55 90 9 3 0 93 77 0 69 19 85 0 51 37 0 42 54 50 100 84 41 0 62 
0 0 0 0 0 82 0 44 77 0 79 64 0 0 36 0 8 0 16 13 0 88 67 72 83 8 23 0 0 0 0 42 0 49 22 0 0 0 52 0 62 77 18 26 0 67 29 65 78 83 94 0 0 27 0 72 87 50 25 0 55 79 46 78 56 12 91 64 0 76 98 52 35 0 36 0 25 0 0 1 0 0 0 33 93 0 5 70 0 0 0 74 0 66 0 0 23 0 6 0 
0 31 97 0 34 34 74 0 0 8 89 17 51 15 14 96 93 35 5 0 34 93 53 39 0 98 0 32 80 44 72 95 0 19 84 0 0 0 85 0 0 55 40 77 0 0 0 18 0 64 92 0 0 59 98 0 29 97 54 19 0 54 47 59 68 65 0 0 0 78 0 74 0 0 0 60 67 0 0 87 0 0 0 53 99 2 10 93 7 0 91 97 60 23 79 50 0 55 0 99 
0 0 38 24 0 77 0 9 0 86 78 0 44 0 0 0 24 23 30 9 66 7 19 0 0 27 13 0 56 0 37 0 28 0 26 21 0 0 99 0 0 37 62 0 0 0 63 0 0 0 48 69 82 0 97 0 23 70 0 0 12 30 95 0 8 0 74 96 10 29 14 29 65 61 0 94 26 36 87 97 0 43 6 43 8 28 0 0 26 0 75 0 76 81 15 0 47 70 51 97 
94 0 37 0 0 79 0 26 7 0 0 0 0 90 14 27 43 59 34 0 0 0 10 50 98 44 0 36 0 20 0 65 0 74 62 0 0 28 0 50 40 86 0 0 0 3 16 54 0 77 0 57 16 35 51 41 0 0 90 0 0 0 0 14 0 42 73 46 0 47 66 0 0 38 22 100 0 0 70 6 0 0 0 0 67 74 0 0 83 0 60 45 0 0 35 9 88 11 0 1 
52 69 65 18 0 0 99 30 0 0 15 4 63 51 0 0 26 53 30 100 53 73 21 0 85 64 32 0 82 89 79 0 0 3 8 26 52 0 0 75 0 85 97 0 55 0 12 0 0 10 0 40 20 94 21 91 83 80 89 13 0 14 0 3 80 0 63 35 55 99 54 47 66 66 0 25 61 0 0 68 0 27 0 89 95 18 0 5 0 25 0 29 51 0 0 1 0 0 31 54 
0 6 70 90 7 41 0 50 53 0 34 0 20 100 18 0 0 17 0 48 0 25 0 86 84 39 76 0 0 0 0 46 0 97 53 19 0 0 100 12 39 63 92 66 71 0 43 47 92 0 41 0 0 0 18 0 0 0 48 96 0 47 86 33 0 76 6 35 8 60 22 62 51 90 10 72 49 0 0 26 0 21 100 76 0 0 27 69 7 0 63 94 0 14 0 13 0 53 22 0 
72 5 0 0 64 0 0 39 0 49 99 2 36 43 15 39 58 57 97 11 39 0 0 0 0 0 0 77 0 0 80 44 0 45 0 91 6 27 0 56 0 92 0 42 0 94 49 21 74 41 0 34 97 1 49 14 63 9 0 41 0 0 87 0 71 0 60 10 0 0 0 93 33 60 32 70 17 64 0 40 41 0 11 24 0 51 0 0 84 74 76 23 0 75 0 96 11 81 0 31 
20 39 95 10 0 0 10 49 32 0 15 6 0 40 73 97 75 3 45 0 0 5 59 90 0 0 4 0 93 29 0 13 17 73 0 67 0 21 66 95 0 0 0 28 76 38 18 0 60 61 0 54 20 5 25 93 0 0 83 0 76 49 0 61 61 0 0 21 0 36 38 16 0 21 44 95 0 69 33 0 0 0 23 0 0 59 0 85 33 87 0 32 41 63 0 89 0 68 0 18 
0 0 0 68 49 0 94 87 49 0 0 0 0 0 0 80 37 0 44 53 55 31 0 8 0 10 0 26 71 76 93 0 22 61 17 0 0 0 0 3 0 3 20 99 49 92 0 40 0 70 20 61 52 8 51 1 40 7 5 31 0 81 42 92 88 0 0 30 25 31 65 71 0 87 51 0 0 31 100 31 0 0 70 0 17 54 0 19 0 0 93 38 0 28 0 0 0 0 0 51 
10 100 88 96 64 90 0 56 94 0 94 0 0 46 0 0 47 0 72 46 56 48 0 49 0 82 0 5 17 14 35 74 0 0 90 0 60 6 52 15 86 95 6 55 0 65 27 0 4 0 0 93 49 43 38 78 86 0 0 0 0 97 0 0 39 92 0 0 40 19 96 0 69 52 15 35 23 0 38 9 43 0 25 11 8 14 71 0 26 0 1 67 0 0 93 0 0 0 2 13 
69 0 42 0 0 82 60 23 0 0 58 0 78 13 79 0 49 0 0 0 16 13 0 0 74 0 5 94 36 0 76 100 21 16 18 0 2 99 47 22 80 50 35 70 65 0 0 18 49 20 8 56 43 0 1 0 9 35 56 41 0 0 0 0 44 89 40 69 0 0 72 93 0 0 0 0 34 63 72 0 0 0 56 79 64 58 33 93 26 12 45 0 65 47 93 59 0 22 0 14 
31 46 63 85 61 0 63 24 0 0 45 98 0 0 0 75 42 0 90 2 12 0 52 25 41 0 75 67 0 88 18 0 86 0 59 0 0 33 34 0 84 0 0 78 48 42 41 24 42 0 74 0 94 53 44 66 20 30 12 0 0 45 96 91 83 0 49 89 0 0 70 0 8 38 95 0 84 0 37 52 51 0 0 0 44 40 0 94 12 92 0 0 0 73 0 0 0 70 0 0 
64 0 64 2 34 22 13 9 92 80 68 79 52 0 86 0 16 72 60 1 94 13 43 24 46 62 20 44 43 71 0 44 0 40 88 40 0 81 27 71 80 0 83 32 10 0 38 0 84 0 59 97 0 0 36 81 0 71 0 98 18 0 0 0 0 54 11 47 23 46 81 68 0 7 0 39 0 0 0 0 82 0 9 0 71 0 27 0 0 58 31 0 61 0 0 0 63 60 16 50 
20 26 0 47 91 0 0 0 0 43 0 0 71 34 0 63 0 0 49 89 0 70 98 31 92 13 12 26 20 0 0 0 0 0 0 65 0 94 0 76 50 0 0 0 8 0 20 56 59 0 8 63 61 0 0 11 25 56 86 0 55 0 81 55 34 52 0 95 83 26 16 0 0 58 82 11 0 0 0 75 3 88 0 16 27 75 97 0 80 0 0 16 0 24 3 13 0 68 0 0 
57 29 0 0 6 66 0 4 0 0 0 0 0 59 0 0 0 0 0 0 36 14 0 0 37 3 0 39 0 0 21 0 85 0 43 98 24 45 0 63 17 0 53 19 95 0 0 38 5 20 0 86 62 0 72 55 68 0 0 84 88 56 47 94 0 0 44 47 7 0 4 0 13 32 66 66 0 91 0 17 0 21 0 63 47 0 23 0 0 0 34 36 0 94 98 67 0 40 0 0 
0 5 70 55 22 3 12 26 0 0 0 0 0 57 0 0 36 58 83 0 0 0 0 0 4 0 0 36 1 0 0 15 86 0 0 0 0 66 0 0 90 61 94 5 24 0 0 56 5 87 68 75 0 20 0 81 29 8 55 85 0 11 41 80 19 5 49 52 39 0 0 0 44 62 80 0 0 24 48 38 4 66 0 0 0 48 0 55 77 42 0 87 43 83 0 0 44 40 98 0 
0 63 69 0 72 69 0 0 0 0 46 0 0 20 0 0 22 0 55 0 76 0 15 27 0 0 7 45 0 0 62 0 22 19 8 28 0 0 0 0 0 81 80 88 21 0 4 0 0 0 0 61 70 83 48 74 21 81 0 4 15 0 0 0 0 86 24 100 0 0 0 53 47 0 0 0 0 41 0 0 16 69 27 0 8 0 0 0 100 26 49 47 15 64 31 100 15 49 84 67 
0 0 0 11 0 98 0 64 100 0 11 61 0 0 34 0 34 28 32 0 65 91 0 0 0 0 16 0 0 0 64 0 0 87 0 0 0 46 79 5 0 0 51 0 0 43 37 0 0 7 15 0 0 0 87 82 0 0 80 53 56 0 37 0 85 0 59 2 41 91 5 77 0 0 23 0 0 73 64 0 28 0 0 48 19 48 0 0 0 45 0 76 0 0 83 75 9 0 0 43 
18 0 94 88 52 0 14 28 52 64 2 16 31 27 70 86 0 91 46 97 35 0 57 20 0 39 30 38 26 13 0 0 65 0 0 95 0 12 0 0 83 10 70 6 0 63 0 0 0 45 0 38 0 86 15 78 16 97 0 82 62 70 52 13 86 0 98 36 0 85 4 30 8 94 0 0 7 54 58 0 64 0 8 75 24 0 37 100 0 0 33 0 92 0 0 51 87 0 93 0 
5 0 0 23 65 91 12 99 42 0 8 0 0 86 25 0 93 31 92 94 0 72 43 0 87 95 1 0 77 0 30 0 6 60 0 42 0 25 8 0 79 90 61 20 0 17 0 0 0 59 13 34 2 0 97 51 0 58 0 0 0 0 19 6 70 84 57 0 25 85 63 0 0 42 100 0 0 24 0 0 69 64 87 60 11 42 93 64 0 0 22 75 35 41 16 0 1 33 75 0 
99 0 0 0 89 72 0 94 0 33 0 42 0 0 40 19 29 80 33 31 72 0 97 0 61 51 0 20 0 0 0 0 17 67 0 0 93 0 31 82 0 0 22 0 0 71 0 36 16 0 69 83 19 49 5 0 0 26 23 0 45 0 0 64 0 33 92 0 21 58 68 0 0 56 0 0 92 0 0 89 13 0 21 68 3 19 0 56 29 87 44 0 95 0 70 0 0 0 0 77 
0 12 0 97 28 39 29 0 22 0 96 13 81 73 13 38 5 31 75 43 84 21 57 68 23 88 99 0 48 0 42 17 58 4 0 0 24 0 68 20 0 39 0 0 17 0 63 0 0 0 58 0 77 0 45 82 81 96 0 0 0 51 54 77 0 16 0 82 64 79 71 20 0 30 0 0 0 0 62 21 22 9 82 0 31 100 0 42 46 0 32 60 1 42 39 0 32 0 80 0 
0 0 0 91 0 6 0 75 0 0 0 21 2 0 0 0 72 70 0 51 80 0 31 0 72 1 3 58 35 0 0 76 0 0 66 0 0 65 0 0 7 0 0 48 0 0 0 0 0 2 37 0 0 0 67 93 12 0 0 3 98 2 48 0 0 67 97 5 0 0 0 76 65 41 60 44 90 41 15 0 53 32 0 82 42 63 100 70 25 29 37 0 0 0 43 0 0 27 87 29 
7 0 0 6 0 28 85 18 0 65 51 50 0 0 45 0 68 88 0 77 0 0 0 39 0 0 0 98 0 94 76 3 0 33 12 66 16 8 56 16 8 96 0 0 72 0 2 0 95 0 68 0 82 0 0 75 0 49 33 75 0 28 0 57 56 66 0 0 86 0 15 46 35 86 56 52 82 4 19 64 11 31 30 0 53 46 17 0 0 80 5 0 0 83 14 83 6 27 68 0 
98 0 0 88 0 0 0 17 52 0 0 59 23 10 0 0 72 50 0 61 0 0 98 24 48 0 14 0 89 0 24 26 33 60 0 42 0 25 0 83 0 80 0 3 0 6 65 0 0 0 54 83 60 15 75 17 0 0 0 0 26 77 38 69 0 57 13 10 48 79 90 31 0 0 99 0 36 78 30 3 97 24 5 78 52 22 43 62 0 41 49 0 0 0 78 0 0 0 44 22 
0 64 19 90 86 30 88 0 0 56 18 0 98 0 96 0 0 0 57 0 85 0 0 25 78 0 0 0 0 4 45 0 86 47 25 0 0 32 0 54 0 38 0 0 0 23 37 0 0 14 15 0 51 12 0 89 93 0 38 55 23 82 0 26 0 0 0 0 0 0 0 85 0 0 0 0 0 0 0 0 35 0 0 33 14 61 0 0 0 90 12 59 0 80 74 24 12 78 92 24 
14 40 95 0 98 0 0 0 0 0 0 53 27 0 0 0 83 77 62 0 71 83 14 0 55 0 38 0 42 0 0 0 54 0 0 35 0 22 86 94 7 21 0 0 99 42 0 18 13 0 49 0 0 99 67 21 38 29 0 96 0 0 0 16 0 4 0 0 61 61 80 0 17 47 57 61 47 0 0 99 0 23 81 58 91 28 0 0 0 79 22 35 0 0 0 0 96 0 0 34 
0 10 0 99 0 0 60 53 90 0 69 93 10 0 0 90 83 46 38 67 0 0 0 0 97 59 0 0 0 2 18 73 0 0 49 30 89 0 90 31 89 25 65 0 0 96 69 21 9 14 67 0 82 0 44 0 4 25 0 0 57 35 0 97 46 54 0 94 75 41 0 0 0 0 100 64 22 0 90 87 0 49 0 0 31 0 0 1 0 0 80 1 0 83 22 59 0 0 0 90 
77 1 98 0 48 18 14 31 0 0 0 0 24 2 30 29 0 62 0 92 0 0 0 0 78 96 0 0 0 0 0 0 63 85 66 45 21 58 0 90 0 39 32 85 0 61 10 0 0 75 0 52 30 61 88 0 0 0 35 0 99 0 67 0 75 46 84 0 0 19 11 0 78 83 35 48 73 2 0 48 14 46 0 0 0 85 3 0 0 0 0 90 57 18 22 85 32 0 58 57 
30 0 0 24 64 29 24 0 82 15 14 97 61 0 23 0 76 75 54 0 0 0 0 68 0 37 89 9 58 0 0 82 0 84 23 0 0 79 0 31 90 0 34 0 74 15 0 0 61 52 17 0 8 80 84 0 0 74 42 88 67 0 60 70 11 35 90 76 0 3 23 10 90 96 19 70 98 10 34 16 75 0 13 62 0 0 0 7 6 0 63 68 0 0 0 53 0 55 0 51 
0 0 0 0 0 50 34 0 30 69 77 92 46 63 0 97 0 0 23 94 0 82 0 92 83 15 48 67 0 0 0 0 83 40 27 48 0 81 36 0 0 60 94 4 48 0 86 85 0 0 54 0 0 0 0 0 0 47 20 62 55 25 0 22 0 9 0 0 0 0 59 32 6 65 0 57 39 29 0 0 51 50 0 15 81 0 16 86 66 0 57 0 34 4 0 0 0 59 0 0 
0 63 0 79 58 19 86 70 0 0 72 0 15 86 83 64 8 90 36 0 61 84 15 52 13 17 27 0 68 0 22 0 26 42 42 3 68 48 0 0 85 0 73 0 0 0 36 26 84 0 0 59 87 88 43 11 87 0 28 0 0 0 0 0 0 0 98 37 44 30 65 23 0 94 36 45 0 42 0 35 0 0 0 73 0 97 0 0 58 22 0 58 0 99 0 57 44 0 28 11 
0 0 100 0 0 0 22 0 4 81 0 83 0 42 47 38 0 84 51 0 25 71 0 0 56 74 2 11 0 87 0 0 39 0 0 0 0 0 0 80 82 49 3 0 0 78 2 0 24 37 0 92 15 5 0 73 0 41 17 71 40 82 33 31 85 34 25 0 9 33 0 0 68 0 71 80 97 41 0 75 0 50 15 0 92 22 75 75 43 0 0 0 64 44 34 53 65 19 1 67 
28 0 0 5 31 0 0 41 86 0 0 0 64 0 63 0 17 39 0 0 0 17 0 1 2 0 9 0 45 88 0 99 25 40 0 8 73 0 49 0 0 58 0 21 54 55 0 35 70 51 26 0 0 75 68 27 0 70 0 0 92 85 0 55 75 0 66 0 0 32 0 55 87 74 99 0 0 0 95 14 0 23 18 0 0 82 46 58 0 32 0 74 15 18 14 0 0 0 0 0 
0 0 70 0 0 0 0 0 0 23 29 64 0 0 99 0 0 0 60 0 72 93 73 0 0 0 0 53 0 0 34 98 25 0 20 0 0 96 0 0 86 85 0 89 0 91 33 79 8 0 0 0 99 71 0 83 60 0 61 0 99 54 76 71 0 72 0 0 0 78 63 84 0 0 0 0 11 0 98 0 96 0 3 90 38 7 13 0 70 40 69 0 0 99 0 0 41 0 0 64 
8 52 8 2 0 81 25 16 47 67 78 48 0 0 21 1 64 0 70 11 94 0 0 64 0 0 83 49 0 11 2 0 74 0 72 90 74 69 0 0 0 0 0 32 0 0 100 0 65 90 0 99 0 0 0 0 0 62 0 98 27 14 0 31 15 81 19 25 1 0 95 21 0 0 75 45 9 0 0 2 10 0 74 0 65 47 35 0 57 0 5 0 1 26 65 0 48 0 0 84 
0 20 0 52 19 46 59 67 29 0 0 81 87 3 9 0 0 0 44 0 98 42 1 0 74 95 0 0 0 21 0 96 33 18 33 0 0 28 40 26 0 39 0 79 0 0 72 0 2 52 56 5 22 60 48 6 75 0 17 0 44 20 0 0 0 26 35 0 36 6 35 57 11 0 72 0 0 4 23 82 0 22 0 12 0 0 53 58 61 29 0 49 0 35 18 39 39 0 0 0 
66 65 30 0 5 1 69 0 97 56 17 21 9 65 0 61 0 7 13 27 28 0 0 80 50 92 11 82 0 69 81 56 0 14 0 93 0 67 89 0 0 0 86 60 0 58 54 0 43 0 0 78 80 0 60 0 0 0 0 15 47 37 64 87 46 79 16 0 0 0 0 0 0 0 0 19 0 72 13 64 0 5 94 24 57 69 34 0 79 0 0 0 0 0 0 0 0 0 6 0 
2 0 0 18 0 94 0 42 0 0 0 16 79 13 23 0 0 0 0 0 42 0 64 22 0 0 8 0 0 0 39 0 27 26 0 87 0 0 0 50 0 47 67 50 0 11 67 51 56 0 0 13 44 0 92 0 57 69 0 21 44 70 0 0 0 0 98 34 33 0 0 56 57 0 75 6 93 19 31 88 76 0 39 8 89 0 93 73 0 83 61 44 0 48 0 0 77 0 62 18 
62 100 9 72 0 0 0 27 9 0 88 85 65 43 29 44 0 0 37 11 64 54 75 3 17 0 0 11 29 0 18 33 28 54 8 19 67 25 0 18 0 1 5 0 0 84 89 96 10 0 3 1 51 0 57 46 32 94 0 0 98 91 83 80 51 81 39 0 95 78 0 64 13 0 0 0 0 44 28 5 0 35 0 0 25 53 72 12 90 83 62 0 0 60 52 22 64 9 0 0 
55 12 78 0 0 0 58 11 83 56 68 0 55 0 0 0 0 82 55 71 0 64 83 0 29 0 38 60 86 59 0 0 75 0 0 53 0 0 0 7 46 0 34 0 0 0 0 60 0 11 0 63 0 0 0 15 88 0 15 72 0 89 53 19 0 47 10 0 0 0 64 0 0 14 0 0 0 33 42 0 0 0 62 27 10 52 40 98 0 0 46 7 0 0 0 0 10 67 66 87 
53 0 0 82 31 0 0 8 24 0 91 0 0 92 84 91 78 0 5 0 72 76 32 4 79 5 36 0 8 0 0 0 0 0 0 0 18 85 94 0 67 7 99 0 82 0 81 58 0 0 12 0 0 0 0 56 0 54 58 93 34 0 0 0 88 45 0 20 29 0 99 50 0 0 0 8 6 0 0 0 0 0 28 99 43 50 75 74 0 0 0 0 21 47 81 2 0 50 0 0 
84 66 23 7 93 45 0 89 5 0 49 0 0 82 0 29 0 32 11 1 0 0 0 0 29 36 11 80 0 94 0 18 29 0 48 75 0 19 0 74 70 0 80 25 0 58 0 0 0 0 61 0 67 0 0 0 0 0 0 0 6 6 0 0 82 68 10 2 3 0 0 0 0 38 0 51 43 86 100 58 0 0 40 95 39 39 71 0 89 0 4 0 8 0 22 92 0 64 0 0 
96 0 95 0 0 57 0 25 0 24 20 0 85 0 0 0 82 98 0 0 97 0 5 62 8 73 0 91 20 62 0 97 97 98 46 86 0 20 0 0 0 89 64 79 81 98 79 80 0 16 3 80 0 10 93 14 0 0 61 83 5 0 70 0 0 89 96 79 68 20 0 2 0 23 0 33 85 0 0 0 0 40 21 8 0 66 69 50 0 13 36 0 86 60 0 50 24 0 74 0 
0 0 21 0 0 17 0 0 5 98 41 75 0 18 0 0 0 0 0 0 96 29 0 0 87 0 56 0 77 61 0 0 93 0 0 81 13 55 0 39 0 32 0 0 99 51 10 15 99 28 48 0 41 0 0 32 13 1 1 2 0 0 0 26 83 63 51 0 36 0 0 90 0 38 3 95 7 0 45 70 83 28 14 100 0 46 0 0 0 21 23 47 86 0 0 79 0 0 100 0 
21 0 84 0 0 89 97 0 44 0 66 0 98 79 100 0 0 75 90 7 87 2 0 0 87 0 96 0 0 20 91 95 13 31 25 0 86 0 20 0 77 0 12 0 27 7 17 99 0 0 90 0 0 78 23 0 59 51 30 75 0 6 38 5 0 5 0 0 0 53 11 0 4 0 0 75 68 100 26 87 63 0 0 0 10 0 50 67 0 45 64 37 52 14 92 0 0 0 32 0 
0 0 0 87 45 73 96 7 69 52 0 30 4 0 0 70 80 34 0 48 0 64 33 0 49 0 0 50 59 19 0 51 4 58 0 76 0 0 94 0 0 0 0 0 36 95 57 87 0 0 2 79 0 0 0 0 9 0 81 0 0 0 87 17 46 0 62 20 0 64 0 81 23 0 81 20 32 0 2 98 66 21 0 0 0 10 0 54 39 0 77 28 80 59 41 0 0 0 0 0 
0 98 0 0 0 0 5 62 0 0 0 0 7 3 0 73 44 0 0 58 0 30 69 0 0 0 28 67 0 0 5 0 8 0 50 51 0 0 26 0 0 0 93 0 0 87 34 85 2 56 62 100 20 22 11 47 13 42 28 67 34 39 0 38 94 0 0 80 70 79 32 67 0 0 28 41 15 0 0 32 0 0 63 71 0 8 57 12 48 21 0 0 96 0 82 58 98 70 0 17 
0 0 7 12 99 11 0 29 14 0 13 20 0 0 91 47 23 63 0 48 0 0 81 26 0 0 0 71 11 0 58 75 88 0 0 0 7 0 60 35 93 85 0 30 0 46 89 0 0 4 0 0 0 0 0 0 0 0 0 46 0 13 8 90 0 82 0 29 86 0 3 0 42 72 37 39 0 0 100 0 0 0 49 12 0 2 50 90 74 33 51 53 54 19 32 0 12 0 0 0 
54 0 0 99 83 0 0 4 0 0 40 0 45 16 92 58 50 0 64 3 43 71 32 0 24 0 0 0 58 68 44 0 85 90 0 44 0 0 12 0 64 55 63 62 27 71 76 0 21 46 0 0 67 88 0 0 88 0 40 98 0 0 0 98 8 92 34 76 59 0 40 0 0 38 0 0 31 0 61 88 8 70 72 15 39 63 11 0 0 67 0 66 11 0 75 98 0 75 0 70 
0 0 98 84 26 35 19 0 0 40 63 12 0 0 0 0 78 0 61 58 0 14 0 83 51 67 34 8 0 70 0 8 0 97 0 76 0 0 0 29 0 17 18 73 0 0 28 36 30 0 67 0 0 89 17 0 61 37 99 60 19 9 0 0 38 36 77 0 0 63 95 96 0 89 21 0 70 6 0 0 0 33 34 0 11 62 0 48 0 0 87 31 40 0 58 0 45 0 52 0 
0 0 84 4 0 62 89 8 0 83 0 0 44 0 0 2 0 33 23 41 0 26 19 77 0 0 81 0 0 55 19 37 61 81 0 0 37 82 0 16 5 0 0 75 0 0 0 85 41 52 0 74 49 0 41 0 0 0 0 83 31 0 8 93 0 0 0 63 0 0 47 0 30 0 29 0 96 0 53 11 60 0 21 0 0 0 0 83 0 12 50 71 0 0 23 0 0 0 0 0 
61 11 0 0 0 72 0 0 0 93 0 38 62 61 97 29 17 70 35 48 0 26 79 54 80 82 0 97 97 37 39 83 0 0 39 0 87 0 38 0 53 0 75 59 0 6 0 6 82 16 32 0 99 0 0 0 0 85 6 0 0 34 0 47 0 0 18 0 78 49 12 0 46 20 42 0 47 32 73 0 41 9 51 93 0 0 80 0 93 0 11 0 79 71 47 0 0 91 0 47 
0 0 0 86 2 0 34 93 89 100 78 0 0 45 0 3 97 23 0 0 0 0 61 1 73 0 0 0 13 0 28 12 0 90 0 0 0 54 7 8 61 60 45 95 23 58 14 19 66 30 0 96 0 80 85 0 16 0 89 0 50 0 0 50 84 14 0 0 74 18 79 0 10 0 5 0 9 78 0 5 68 23 15 30 0 46 34 0 0 19 63 0 3 84 54 23 68 91 18 0 
3 0 0 11 60 0 0 79 69 0 22 28 0 0 72 90 0 33 52 61 59 0 24 37 49 63 0 0 0 0 46 6 87 43 74 96 75 0 0 0 0 0 54 0 46 0 34 0 78 0 0 19 56 0 68 29 77 0 0 87 76 39 56 95 58 0 0 50 55 0 0 55 97 92 0 31 95 32 67 0 0 47 0 27 0 0 57 0 95 0 0 75 0 18 0 0 67 74 0 59 
63 0 90 0 0 91 89 0 37 32 0 75 0 0 0 88 52 0 0 0 77 0 46 18 75 62 0 0 8 0 62 18 32 37 75 75 30 0 0 0 0 0 0 0 0 0 0 79 48 39 6 57 25 88 56 24 15 21 71 52 0 46 66 66 0 0 100 44 45 0 0 61 0 31 0 14 0 0 0 0 0 30 0 46 96 0 0 24 2 0 89 21 19 79 28 37 44 0 68 0 
46 0 0 0 0 29 0 85 0 27 0 30 62 0 9 0 13 92 54 90 86 28 0 41 0 0 51 13 44 0 58 0 57 96 0 100 92 0 0 63 0 86 5 35 0 0 0 0 0 75 0 0 0 88 0 1 12 0 31 0 0 0 0 94 5 65 100 0 64 96 81 58 0 0 85 0 21 10 56 60 83 60 0 0 0 0 84 0 21 6 65 0 0 14 0 0 80 0 27 62 
78 85 0 0 13 66 41 91 0 42 0 80 63 0 0 0 67 0 0 19 0 82 76 39 0 79 98 41 82 75 59 24 0 12 0 47 78 5 0 82 38 0 22 53 0 0 89 86 0 67 0 0 0 60 88 0 80 34 45 0 62 0 57 31 0 0 0 99 11 10 0 0 18 52 51 0 0 66 0 35 94 53 0 0 92 65 79 83 0 88 82 4 97 0 2 0 30 90 63 47 
0 0 0 9 0 0 0 63 0 0 0 0 83 29 40 9 0 0 31 26 63 0 94 94 63 24 11 4 76 0 93 95 0 0 0 95 14 72 23 0 59 0 29 0 38 51 45 50 16 85 33 40 36 84 0 18 97 39 0 50 0 40 0 4 0 40 75 0 64 67 0 0 0 2 0 72 98 69 15 39 37 20 0 52 13 0 0 80 0 75 46 55 0 0 43 0 39 38 0 84 
0 0 9 14 0 87 32 85 68 39 51 89 0 0 0 26 0 0 58 4 0 18 0 0 0 80 34 0 0 7 0 0 12 37 0 19 33 38 0 0 94 39 96 36 40 0 0 28 11 96 0 29 0 34 50 0 38 11 42 97 0 0 81 0 26 78 95 0 0 81 85 72 56 1 53 95 21 40 0 4 0 0 82 8 29 0 23 0 26 7 54 0 0 0 0 0 47 9 0 98 
1 0 0 80 46 0 0 0 35 0 61 0 86 4 0 0 0 36 60 0 44 64 78 64 18 5 79 0 76 35 0 41 0 84 0 31 93 18 45 0 0 0 42 0 0 10 0 0 89 4 0 15 97 64 5 64 0 0 55 92 69 47 0 0 74 0 43 60 0 0 0 0 0 0 0 67 47 3 43 0 86 40 33 99 0 0 0 21 49 0 0 23 22 97 4 52 0 79 0 0 
0 0 0 0 59 93 72 45 68 0 45 0 52 0 26 42 26 13 0 0 0 75 18 35 96 0 99 0 16 0 37 51 0 17 42 83 43 4 0 51 88 67 0 8 0 55 51 15 6 3 69 87 0 41 0 0 0 0 72 91 2 93 49 80 54 26 0 4 0 50 69 50 18 0 22 0 91 75 38 47 39 90 51 0 0 18 100 63 66 0 0 60 41 80 17 34 10 0 0 0 
0 0 0 36 57 0 0 0 0 58 80 1 0 34 54 70 0 10 9 0 82 72 70 86 0 0 0 0 2 81 0 0 62 8 68 0 47 59 5 72 0 7 17 87 0 0 0 0 0 16 82 67 5 55 0 53 20 86 82 0 0 62 0 49 0 0 0 0 0 27 49 53 0 0 0 78 0 37 42 67 0 10 0 20 51 78 0 0 0 0 33 68 0 0 25 0 0 78 0 10 
73 10 0 29 54 77 17 61 43 40 0 84 41 0 20 84 37 12 74 0 70 0 0 0 38 3 24 0 78 99 2 73 62 42 0 32 67 11 24 66 54 0 12 52 0 27 59 79 0 0 0 0 61 0 0 0 0 43 92 96 0 0 84 24 75 76 0 0 72 22 67 0 0 0 82 0 32 0 0 30 0 81 72 66 0 30 55 31 10 68 87 0 0 0 85 8 0 0 0 83 
80 85 76 0 0 94 0 67 64 25 38 90 50 0 68 72 14 60 93 78 0 0 14 0 0 0 52 47 0 0 67 46 32 82 96 0 76 0 0 0 3 0 59 0 56 18 42 0 82 0 99 0 69 0 0 0 47 0 39 60 89 0 0 0 0 24 41 70 2 39 23 0 0 21 0 33 0 76 93 63 48 0 0 11 99 0 0 0 0 80 4 36 0 0 0 38 0 24 0 0 
0 0 49 14 0 62 60 0 51 0 0 0 0 89 4 42 64 0 0 0 70 42 0 0 12 0 0 25 32 0 39 40 77 96 0 0 79 0 0 0 23 74 58 26 32 55 68 22 7 1 14 91 0 0 0 0 57 88 65 14 48 14 21 64 38 0 77 59 17 11 0 0 75 19 48 0 73 38 83 31 10 41 91 47 0 0 0 55 67 23 37 12 39 74 0 21 0 39 0 49 
9 51 0 0 17 72 0 20 0 22 17 17 54 0 0 82 0 56 0 16 44 98 34 0 0 0 25 19 5 64 0 0 0 0 40 0 8 0 0 21 94 99 40 83 0 0 0 96 0 54 3 26 36 0 0 36 87 96 38 6 9 41 8 54 82 35 48 7 96 6 85 31 0 94 55 66 74 72 20 75 55 94 20 0 48 36 10 37 6 0 6 0 16 0 0 14 0 45 73 68 
0 0 41 4 76 45 0 0 28 100 80 82 0 0 69 88 47 0 22 97 52 35 37 35 31 0 0 19 15 53 0 20 0 61 0 56 11 73 56 81 0 30 52 0 0 0 0 0 34 82 73 41 91 11 0 84 34 0 0 75 0 0 78 0 12 49 0 54 0 20 43 31 73 0 31 10 42 86 0 44 0 7 76 36 0 5 0 37 0 28 35 12 76 59 25 59 33 0 60 0 
81 0 72 21 39 0 0 0 0 0 0 89 31 47 44 20 28 90 64 0 51 0 0 68 0 90 0 0 89 16 0 52 0 53 46 0 88 28 32 0 0 41 82 39 50 89 0 0 39 20 0 0 15 89 64 0 0 90 0 40 0 91 28 0 88 59 0 37 0 75 0 79 4 100 0 83 0 48 0 52 0 3 43 10 20 56 0 0 0 64 12 72 67 0 28 80 0 8 0 0 
16 0 0 0 19 0 18 0 0 0 96 96 5 24 28 2 0 70 0 89 80 0 0 0 78 8 0 0 26 3 0 0 0 35 55 0 59 63 80 62 11 0 75 33 0 32 7 52 32 62 72 30 12 0 14 0 83 25 50 31 16 51 0 0 0 0 37 51 0 89 0 0 0 0 19 16 90 23 25 34 0 59 89 3 8 48 3 31 0 0 86 71 91 72 0 44 59 67 67 12 
47 7 2 90 11 0 0 0 9 84 52 0 70 59 70 0 38 74 99 39 0 4 0 0 0 0 0 0 0 0 28 66 12 76 32 41 38 54 0 24 28 33 2 0 2 0 27 0 87 60 0 0 15 49 24 0 43 24 68 45 0 64 0 37 10 0 0 0 0 87 40 82 0 0 0 7 0 62 0 0 0 64 88 11 0 0 72 0 48 9 0 0 20 61 22 85 0 0 0 0 
21 0 20 0 0 0 36 51 0 0 68 0 8 46 0 22 70 77 0 0 0 17 26 34 0 0 64 0 17 78 24 0 94 23 0 37 78 87 83 0 61 29 0 0 53 67 41 0 0 5 64 80 82 78 80 0 27 0 74 10 7 0 0 0 3 22 0 65 83 0 0 55 0 0 0 58 0 75 70 0 74 68 56 90 18 35 0 24 23 14 94 0 39 0 75 80 0 0 13 1 
59 0 0 0 32 28 0 45 84 16 51 26 0 28 70 0 0 0 6 0 38 69 4 0 66 0 0 0 0 75 0 35 13 0 0 45 0 36 0 46 0 13 0 0 0 78 0 41 30 4 30 0 5 58 33 0 98 99 10 39 22 95 45 71 23 0 17 0 41 74 58 99 33 54 0 32 38 0 0 0 0 0 0 0 0 0 88 23 79 94 7 0 0 0 31 92 46 12 56 27 
38 72 19 1 52 4 0 58 0 13 0 0 0 14 0 0 54 42 99 0 68 0 2 0 0 0 16 0 24 0 62 16 93 0 0 4 0 0 0 90 31 0 59 37 24 74 31 41 0 58 0 0 13 0 71 34 33 0 74 14 20 0 44 61 16 0 0 0 75 0 0 97 0 0 0 0 0 10 0 4 79 11 66 60 49 5 0 0 36 0 76 0 68 66 0 0 80 0 88 84 
0 0 69 0 0 0 8 3 0 9 80 33 0 45 44 56 0 16 3 0 34 51 0 81 0 91 0 30 8 59 32 0 0 61 0 98 65 32 27 0 0 0 80 48 72 0 1 26 95 7 84 0 86 0 0 0 84 40 22 6 0 36 8 0 96 40 0 0 74 93 0 0 25 0 78 88 0 17 0 37 62 0 45 50 41 31 0 0 17 3 0 99 0 0 51 96 0 80 65 89 
93 0 70 86 56 31 100 0 0 0 32 0 48 55 0 36 0 75 0 44 0 0 0 0 0 44 0 0 3 28 0 0 67 0 93 0 0 0 31 60 0 70 0 0 0 0 75 70 54 69 76 0 0 100 57 99 46 0 0 0 12 0 32 0 68 67 31 74 0 71 0 56 88 0 28 0 0 1 0 62 0 56 0 0 81 0 66 38 81 0 7 0 0 59 56 0 23 4 55 0 
