100 100
0 0 0 0 0 39 32 0 0 0 10 28 0 89 5 0 0 0 0 41 0 0 57 0 33 14 24 77 57 0 38 0 0 36 31 0 0 84 49 41 0 0 74 59 46 0 0 0 56 0 0 0 31 0 100 0 0 45 0 4 14 37 20 0 0 97 67 100 0 0 0 0 26 3 0 0 70 0 90 41 0 59 0 5 77 0 47 0 0 33 0 0 0 100 61 34 6 86 0 0 
37 0 0 86 82 0 38 26 0 0 0 0 64 5 37 0 31 0 75 77 0 0 94 0 0 63 35 0 40 52 31 0 52 0 0 66 72 0 79 78 60 30 6 9 0 0 48 21 62 4 76 78 0 0 92 23 0 0 62 14 21 0 28 31 0 51 16 0 0 24 0 0 74 83 17 0 40 0 0 0 34 78 77 25 0 0 0 79 0 37 0 0 0 0 66 58 36 0 63 5 
88 0 0 0 56 98 50 11 19 0 97 0 0 0 2 0 0 1 58 0 0 0 0 99 0 85 32 0 55 65 61 38 0 74 46 0 84 0 96 0 89 25 0 15 8 40 75 0 66 0 61 0 0 94 0 0 75 0 0 0 86 58 0 53 52 56 87 0 68 0 0 0 0 0 0 0 19 0 0 0 1 9 7 58 10 9 0 0 79 0 0 0 0 0 89 0 4 6 0 13 
70 57 46 98 0 24 0 0 17 17 34 0 2 0 0 77 41 55 32 0 0 36 0 14 0 0 0 98 0 38 0 54 0 35 58 57 0 65 90 88 0 6 0 9 0 0 86 0 0 0 19 0 67 68 0 0 0 0 0 0 19 0 19 30 0 0 0 0 0 71 0 0 0 72 95 92 43 4 46 50 0 0 56 88 0 0 11 0 0 18 97 0 0 0 0 37 76 0 11 0 
0 39 0 0 0 76 92 50 0 51 8 90 20 42 79 33 3 40 0 0 0 0 0 69 0 0 0 0 0 0 7 83 1 0 0 0 41 14 34 53 0 0 26 46 0 92 4 51 82 29 0 0 0 44 46 93 0 59 72 0 13 32 88 0 53 0 68 43 0 0 0 53 80 76 14 18 18 32 0 0 46 84 0 57 0 0 0 0 0 0 0 0 0 8 0 0 47 2 0 0 
15 34 53 21 0 0 63 0 36 26 42 0 97 0 35 53 0 71 45 0 99 0 6 0 39 66 56 20 0 0 89 0 68 86 46 0 0 0 39 74 78 0 0 0 86 0 0 0 39 0 11 0 0 0 0 0 15 99 0 94 89 0 0 33 49 65 0 75 62 0 13 8 1 21 0 2 96 91 0 51 0 0 95 94 23 46 48 36 53 7 0 0 0 0 0 47 0 0 0 73 
89 0 10 45 74 0 0 46 0 0 61 64 0 68 0 23 0 52 0 0 0 18 0 0 20 0 0 0 64 37 0 0 46 0 30 0 30 81 55 0 0 41 69 0 0 0 0 0 0 42 0 38 63 0 38 0 100 0 40 89 92 3 0 1 73 0 90 0 0 0 0 17 0 0 0 0 0 90 0 33 25 0 67 68 0 0 82 60 0 95 67 0 33 0 0 16 53 0 86 0 
71 0 22 50 96 30 0 34 96 28 52 0 25 0 0 97 0 20 14 58 0 0 0 0 67 0 0 82 84 0 43 72 73 26 0 0 5 4 94 18 0 0 54 0 0 0 0 84 82 0 76 0 25 36 6 0 52 0 0 0 45 61 82 0 0 14 69 49 0 0 81 0 29 0 0 97 0 64 0 22 16 15 19 0 80 10 0 55 16 0 7 84 0 0 0 86 0 0 94 80 
50 31 64 0 11 98 0 8 0 7 0 11 22 87 0 81 0 68 0 41 0 0 48 0 0 16 30 0 28 0 0 0 30 0 0 2 0 20 0 0 0 0 0 0 10 59 0 0 0 62 0 69 0 0 25 0 21 0 10 0 0 83 47 0 0 0 73 16 39 90 0 31 0 0 67 19 78 0 0 93 0 0 0 0 66 5 0 0 0 37 0 50 0 12 0 0 92 96 93 0 
18 82 0 0 90 90 89 5 0 0 17 0 0 16 43 0 39 14 19 75 0 0 89 99 10 48 0 0 35 67 75 78 0 0 29 0 21 31 0 66 0 73 27 4 76 0 0 0 0 0 0 0 0 54 71 30 94 81 0 0 0 56 0 94 0 5 60 74 97 0 0 15 2 37 98 0 0 0 24 25 32 11 56 83 0 43 28 91 0 0 91 34 0 45 98 0 0 0 69 0 
74 0 0 0 0 10 79 0 0 26 88 5 95 0 35 23 49 0 0 0 25 38 48 15 34 6 40 0 0 54 0 0 74 57 0 0 0 70 14 0 18 0 65 0 11 0 7 71 0 0 64 0 92 0 27 0 0 60 64 29 0 0 99 0 0 0 13 0 14 93 0 0 0 0 23 0 49 41 59 83 4 93 71 0 48 0 0 35 37 69 0 0 0 11 0 53 92 93 32 0 
46 34 0 0 70 0 0 50 44 0 33 67 0 0 70 97 0 0 0 0 86 34 0 0 73 16 0 21 40 0 32 51 27 85 70 0 8 0 19 84 10 0 0 86 0 15 55 0 55 0 0 25 33 4 54 51 65 0 58 0 34 0 56 91 0 0 0 0 0 21 28 70 0 0 0 0 0 0 82 55 0 92 0 0 0 50 18 31 58 11 23 47 27 0 0 94 19 0 78 90 
0 0 6 0 0 0 12 0 92 9 88 0 77 0 56 0 0 0 0 14 29 0 0 7 77 0 0 0 68 9 0 95 24 0 0 91 31 9 76 78 0 0 39 0 15 16 0 21 0 26 59 0 0 0 74 69 0 0 0 19 0 0 60 82 0 46 20 0 79 8 0 78 62 0 62 0 73 64 40 0 89 47 36 100 95 57 93 9 0 0 0 0 0 0 0 0 83 43 0 0 
0 52 31 18 0 100 75 76 0 89 66 0 0 0 73 46 55 0 0 89 61 0 53 15 2 47 30 0 0 0 0 0 87 0 72 52 0 0 5 0 0 0 0 0 0 0 96 18 41 0 12 63 76 87 0 37 0 0 11 5 95 0 0 22 50 0 0 0 0 0 0 0 76 0 32 53 0 0 0 0 0 90 99 28 83 0 0 0 0 0 78 52 0 49 0 8 46 0 18 0 
0 0 0 56 74 62 0 93 0 0 0 0 41 0 35 0 12 0 58 0 7 87 0 19 82 2 53 0 36 0 27 0 13 0 20 0 43 0 77 0 98 0 10 0 78 7 74 0 72 0 0 38 0 1 73 0 30 26 0 47 0 41 11 0 62 0 0 52 0 34 3 0 0 0 60 0 0 0 0 0 35 0 40 0 26 17 1 0 20 0 40 0 0 0 74 5 10 7 0 19 
0 66 0 37 66 0 0 9 0 0 72 18 0 0 82 0 0 20 78 0 54 0 81 76 0 0 1 0 0 43 1 1 0 0 0 0 0 0 0 81 0 0 100 54 96 57 0 0 0 54 0 18 0 60 0 0 0 0 17 49 66 12 52 94 18 3 3 0 0 0 39 0 0 3 46 68 72 92 0 93 19 0 0 33 0 11 0 91 0 74 52 57 0 67 66 0 0 0 0 0 
95 0 0 0 0 52 78 0 47 33 48 0 51 0 59 0 49 0 42 0 86 0 0 0 81 0 0 83 0 70 0 0 89 40 65 0 92 88 0 97 56 0 67 0 0 0 2 1 0 0 0 0 0 66 32 0 15 51 52 0 30 33 23 0 30 59 0 0 23 75 72 0 0 0 0 0 20 0 74 0 0 0 18 35 0 0 37 0 76 32 0 80 5 0 0 0 0 1 0 0 
5 0 0 0 59 25 53 0 0 0 0 87 0 0 67 2 0 0 33 49 0 0 81 0 93 0 42 0 55 13 16 0 0 0 65 31 0 96 58 4 0 0 55 24 24 75 13 21 0 7 58 0 20 60 0 0 0 52 78 0 65 94 0 0 0 0 0 0 99 0 84 16 60 82 0 0 0 0 75 35 0 0 2 0 0 0 0 24 0 37 0 86 70 66 2 44 48 9 0 66 
61 0 33 0 0 0 85 0 23 71 0 0 0 29 56 0 88 13 0 0 31 0 0 0 0 68 0 0 58 46 0 92 7 0 82 82 11 49 79 0 86 0 17 0 72 0 0 0 8 31 0 3 50 0 68 97 0 72 0 0 58 0 96 0 0 0 2 7 59 68 0 93 66 0 0 50 65 38 0 0 95 28 13 0 0 0 0 41 72 0 0 0 0 23 0 0 0 58 81 55 
62 51 0 30 95 23 0 0 83 4 87 38 24 0 0 0 0 66 0 35 22 47 46 0 0 16 0 13 0 0 92 69 98 0 0 97 92 0 0 0 90 0 77 0 0 0 68 80 51 0 53 89 0 55 0 94 97 30 29 70 74 0 0 0 87 0 0 99 0 0 0 18 96 0 76 61 0 40 69 0 0 8 0 53 0 6 0 0 3 0 0 26 0 0 0 85 19 34 48 68 
0 0 94 0 96 0 21 0 72 41 33 36 29 0 0 78 0 87 29 0 0 96 0 0 0 0 91 78 0 1 64 0 57 0 0 0 0 0 36 0 47 0 0 89 25 70 9 82 81 57 0 90 0 13 33 34 0 0 51 0 0 71 0 0 27 0 46 84 86 0 74 70 93 0 0 76 1 45 18 88 52 68 18 14 51 0 0 69 71 13 0 20 44 64 64 0 0 63 0 16 
66 67 41 0 44 48 0 72 20 0 23 0 80 0 16 87 0 8 7 0 89 96 0 0 44 52 81 0 0 0 6 23 0 54 45 0 0 67 0 58 0 96 0 45 68 0 0 0 0 95 95 68 70 76 26 0 0 0 84 0 58 3 11 0 0 32 32 0 0 26 0 52 3 21 24 94 51 0 0 60 45 31 0 47 14 60 70 57 71 0 55 0 32 92 87 0 36 0 49 2 
98 1 47 55 35 0 0 66 47 86 10 0 83 0 25 0 8 69 12 0 0 0 13 61 35 64 89 6 0 0 0 0 0 0 0 0 41 0 0 38 59 77 0 9 0 32 87 89 64 17 0 63 0 65 0 0 0 4 27 19 0 0 98 0 44 0 0 4 0 96 0 0 3 0 19 0 0 0 0 25 36 0 14 3 0 85 0 55 0 11 41 0 12 12 45 42 32 0 0 27 
0 35 0 0 7 0 55 53 0 55 0 0 43 79 61 99 20 0 96 6 0 0 49 0 3 95 21 57 0 0 47 100 0 92 0 0 98 0 38 0 88 0 85 0 0 0 71 15 0 0 0 0 6 34 0 0 47 0 0 60 37 4 49 0 40 38 0 75 0 0 4 36 52 0 0 0 78 0 0 0 0 0 85 0 37 0 33 49 36 0 0 0 10 0 95 8 64 0 0 56 
0 0 32 60 0 90 0 86 21 3 0 11 13 12 49 0 66 0 0 0 33 87 58 54 52 9 0 55 0 79 10 1 86 85 0 0 18 48 0 12 0 0 39 0 0 8 0 0 57 0 98 71 0 0 83 0 40 0 14 13 0 0 96 0 10 56 0 66 0 0 0 0 0 88 0 14 0 0 54 8 0 61 0 0 39 0 0 0 72 0 0 84 0 0 83 94 1 0 0 5 
98 0 8 0 75 0 18 17 0 29 0 69 60 32 0 0 63 0 0 0 0 50 74 33 12 0 82 82 0 4 84 0 13 71 0 0 0 0 0 0 46 72 0 0 0 10 73 0 0 0 72 0 0 0 0 16 0 0 63 0 81 0 13 51 39 90 4 0 0 0 0 0 0 11 0 75 0 0 0 0 86 0 0 47 0 0 0 46 20 14 0 93 0 0 0 0 50 32 0 0 
54 46 12 0 0 0 20 0 43 22 0 99 0 15 0 76 0 24 0 70 0 0 0 39 0 5 0 84 0 49 91 0 0 72 88 70 16 0 0 0 87 0 0 0 10 0 60 0 0 85 51 0 0 0 92 0 65 0 73 55 68 0 46 0 0 0 15 0 100 0 0 16 41 64 0 0 96 0 0 10 68 0 44 21 0 69 99 0 90 88 0 16 29 0 0 1 0 95 29 76 
88 0 0 0 66 85 43 0 26 50 0 0 34 60 0 94 99 93 0 15 96 0 0 65 0 0 0 46 51 53 0 0 0 38 0 90 78 0 57 24 19 0 91 0 31 0 33 80 85 0 0 0 92 0 100 0 0 6 84 67 0 0 13 36 0 0 1 0 83 85 0 34 0 92 73 0 0 0 48 0 56 0 0 23 57 0 0 96 0 23 0 72 16 0 85 56 0 21 66 86 
0 29 3 0 80 36 66 0 0 38 5 82 0 1 6 24 0 17 0 0 34 94 0 62 0 54 32 67 0 12 49 0 0 46 79 59 0 54 12 0 13 99 73 84 0 37 68 80 83 0 79 90 0 0 0 0 0 0 0 0 0 62 19 0 0 36 49 5 27 81 0 0 62 80 0 0 23 0 0 18 18 58 0 0 0 93 82 0 95 0 63 0 0 0 0 75 38 52 22 0 
30 42 28 0 0 0 46 0 0 0 11 74 96 13 5 0 0 0 0 0 77 35 0 53 0 30 0 19 56 43 65 0 0 48 93 41 81 15 0 75 0 0 64 10 85 1 0 0 0 28 98 0 0 0 49 12 0 0 0 0 67 87 31 3 66 6 79 0 33 0 30 0 61 20 0 23 0 89 94 0 27 44 49 0 45 6 42 22 66 69 0 0 0 0 0 49 0 6 73 0 
92 0 0 79 0 0 54 0 6 31 21 75 0 89 0 47 0 95 0 64 0 0 54 0 0 0 53 0 41 88 2 0 0 59 46 33 0 0 0 23 55 42 0 0 41 61 0 57 13 0 4 61 0 0 84 67 24 83 49 0 41 4 34 0 0 0 0 0 0 29 13 19 0 0 0 0 0 42 8 0 0 0 0 62 0 98 30 47 0 11 20 0 0 74 2 1 15 53 0 0 
0 86 0 85 0 0 0 61 0 52 0 0 83 0 0 0 36 21 0 0 0 0 0 97 0 0 0 58 87 0 16 14 0 0 0 7 43 70 19 0 15 96 0 0 10 69 0 0 0 0 35 0 47 35 99 0 0 0 0 23 0 0 0 0 44 0 2 0 0 68 20 0 0 0 0 17 49 89 0 21 0 33 92 0 0 0 0 0 37 96 0 0 0 0 0 0 0 0 63 0 
42 0 98 0 0 96 0 0 32 75 0 0 0 0 31 36 9 3 67 29 0 10 74 92 0 0 0 85 0 0 0 0 0 0 78 73 0 0 0 41 92 0 0 77 60 6 0 0 76 18 0 0 0 12 0 76 10 0 39 48 3 31 0 0 35 20 0 54 49 0 0 17 61 0 38 0 0 0 0 0 0 0 0 0 0 60 63 0 85 92 0 0 0 0 0 0 97 0 0 87 
0 0 19 0 0 24 0 0 0 72 87 0 76 0 22 0 60 98 79 52 14 43 87 21 31 0 0 23 40 63 51 0 81 37 0 0 52 44 94 0 96 0 0 90 0 0 16 36 0 0 0 78 5 83 0 60 0 28 96 44 0 95 0 76 0 0 73 55 0 0 0 0 0 69 0 0 0 0 0 0 0 0 83 69 72 53 70 0 18 0 0 0 30 42 97 86 90 13 0 80 
0 69 85 0 30 90 0 0 0 86 70 0 0 0 69 0 0 21 0 34 0 67 81 0 0 41 0 75 0 52 5 5 4 62 0 87 0 0 0 0 0 27 0 0 0 60 37 0 43 0 79 60 0 0 44 83 17 0 0 69 0 29 44 0 0 0 0 0 84 0 0 0 0 77 31 0 0 36 0 96 85 17 0 0 61 16 44 85 0 16 43 73 0 0 0 40 0 33 43 0 
75 53 0 90 0 54 91 14 26 7 0 50 86 16 0 0 69 37 80 0 91 0 40 49 0 0 0 94 0 100 0 0 0 0 0 49 0 0 0 0 0 0 0 75 32 0 0 0 100 0 0 0 0 0 48 70 0 21 0 71 0 0 98 99 0 2 23 0 0 96 89 91 0 0 0 33 100 0 0 0 88 0 32 42 42 49 0 0 84 0 0 0 0 83 72 68 24 58 4 0 
0 0 17 0 38 95 87 14 35 43 0 0 0 0 0 0 89 74 54 39 0 18 47 0 95 0 0 58 43 56 24 0 20 0 40 100 80 0 0 0 45 0 0 0 0 4 0 99 0 37 97 0 0 0 0 47 36 15 33 83 64 56 0 0 0 0 50 54 0 96 0 0 10 10 0 9 0 9 96 21 0 0 0 0 64 0 17 71 0 0 94 0 34 70 88 50 59 18 0 0 
3 0 0 15 72 35 32 66 0 62 0 20 0 0 32 34 0 0 62 0 35 3 39 89 0 0 0 48 0 25 0 0 0 23 87 89 0 12 0 0 0 0 17 0 0 0 0 0 0 5 0 0 0 0 84 0 69 0 87 46 35 0 59 0 1 0 3 0 61 0 69 0 89 61 0 37 19 91 80 36 52 0 0 37 13 45 36 27 0 21 14 0 0 0 63 93 54 54 0 12 
0 0 0 63 30 63 0 0 83 0 0 18 0 62 0 37 53 0 0 90 77 0 0 51 91 0 0 0 0 0 59 80 29 0 0 66 64 63 0 0 1 0 81 0 88 0 0 87 30 0 49 0 0 16 55 66 0 59 0 53 0 30 33 0 40 0 1 0 76 22 95 0 0 0 19 0 59 0 0 90 38 0 35 73 11 80 59 0 0 0 0 52 15 0 0 0 89 22 0 0 
67 91 26 62 46 0 60 52 94 13 51 0 17 12 4 32 0 21 0 0 0 80 0 58 0 0 0 9 0 0 0 0 0 0 0 21 0 29 22 0 0 21 0 0 32 0 0 0 0 0 5 0 0 86 0 93 37 0 48 78 0 0 17 50 11 0 0 80 0 0 57 32 27 0 0 0 0 0 61 0 15 67 0 0 0 53 0 0 37 0 51 69 0 0 49 0 73 0 27 0 
26 0 0 0 81 0 0 4 0 0 0 90 69 7 0 0 51 0 0 51 44 0 62 98 0 74 52 33 0 41 0 0 98 0 46 49 95 0 0 24 99 0 3 91 0 0 0 63 91 0 0 62 53 0 0 0 39 0 0 0 2 67 0 14 0 0 60 0 38 0 0 11 0 70 58 22 0 0 0 0 0 58 0 35 33 0 0 28 0 9 24 83 0 0 0 0 0 0 80 0 
0 0 57 0 3 0 0 18 27 86 0 0 0 91 61 77 0 0 58 0 86 0 66 88 0 0 0 0 14 17 0 33 41 45 0 0 55 0 38 0 91 0 0 0 0 0 77 0 69 0 43 80 84 0 63 0 0 24 3 0 0 0 86 0 54 0 14 90 87 62 0 31 28 38 3 0 21 0 0 0 95 37 32 38 0 0 0 0 70 43 5 0 55 0 20 0 70 0 0 52 
0 0 0 0 69 0 75 0 0 26 38 0 0 7 0 75 0 0 19 0 0 0 50 0 0 0 18 0 0 0 84 0 6 39 92 0 0 0 8 79 0 73 25 44 0 0 97 93 0 0 0 0 0 0 0 76 11 90 0 75 22 98 11 0 0 56 6 63 0 14 0 0 0 81 82 41 34 0 73 20 23 63 67 93 0 45 64 68 94 63 0 0 0 0 98 0 23 10 96 0 
31 62 0 0 0 0 0 0 0 63 0 0 50 0 98 0 51 0 0 0 0 0 87 0 19 0 0 70 5 69 0 0 0 13 18 1 0 58 0 0 80 20 0 0 70 48 63 83 5 0 0 0 58 0 0 73 0 0 0 0 0 40 16 0 49 14 0 42 0 51 0 0 0 87 0 53 0 18 14 6 0 7 90 0 0 67 54 0 36 0 0 82 0 0 0 75 0 0 0 54 
0 0 0 0 63 0 0 95 78 0 0 33 12 31 58 85 61 0 54 0 0 0 0 0 84 0 49 19 29 45 0 0 42 0 0 18 10 0 6 0 14 29 83 0 85 70 0 33 96 59 0 21 0 67 74 0 0 0 29 0 93 41 76 32 0 43 0 21 0 48 0 26 0 50 0 12 16 68 1 44 75 0 0 68 29 0 22 93 3 42 0 57 0 72 91 0 0 0 87 16 
0 0 0 0 0 0 0 16 0 0 17 0 0 0 94 12 0 0 0 0 96 52 72 0 51 0 71 0 90 3 0 56 74 0 0 13 0 0 67 0 29 0 0 0 0 38 28 97 0 0 48 0 12 16 88 10 0 0 0 0 0 0 10 0 0 8 72 0 89 0 0 0 0 100 63 50 3 13 0 44 4 0 89 0 12 0 48 0 46 0 6 24 0 0 0 73 0 0 0 21 
0 55 0 0 0 66 0 6 0 0 0 27 29 0 92 94 0 0 12 0 69 0 16 0 0 0 0 0 21 44 72 55 46 54 0 0 59 0 84 0 0 0 0 97 0 0 0 0 10 0 50 0 0 0 0 0 0 0 56 0 0 0 20 0 56 0 0 0 79 3 0 13 0 67 0 0 33 90 0 0 92 81 16 89 0 10 4 13 24 67 63 19 0 69 61 0 0 0 0 59 
0 72 22 60 45 0 97 28 0 57 0 0 46 0 75 0 0 0 92 0 0 86 0 51 0 0 0 0 61 0 71 0 29 78 70 29 51 57 80 58 0 0 72 0 0 0 0 50 44 65 0 3 51 48 0 50 0 0 0 8 0 89 0 38 0 0 0 0 0 0 50 0 6 0 0 0 0 30 11 0 54 78 84 19 0 70 45 0 7 17 93 38 0 76 0 35 0 85 63 35 
51 0 17 0 0 0 89 0 42 0 0 0 0 0 44 0 92 0 95 0 5 0 88 51 30 65 90 69 0 0 88 0 0 3 82 83 22 3 33 3 19 85 0 26 76 88 0 65 0 0 41 0 73 0 0 67 77 0 9 0 0 84 0 0 67 0 93 0 0 67 0 30 0 0 0 14 0 50 0 0 25 0 0 75 0 9 39 8 71 52 57 0 0 22 0 0 0 100 98 83 
0 7 0 56 36 0 69 58 78 0 12 57 0 19 86 92 34 92 0 38 34 75 0 0 81 71 0 0 0 0 78 0 0 8 0 44 48 0 0 61 97 0 71 92 43 0 14 40 4 0 10 73 3 33 52 0 0 0 0 0 0 0 99 84 0 0 19 9 0 0 0 2 69 42 92 0 0 0 0 46 6 0 0 71 0 0 94 0 57 35 0 0 0 57 59 32 0 0 98 93 
73 0 0 51 100 72 0 54 92 0 0 0 46 0 0 0 0 0 0 4 12 4 15 6 0 63 0 87 17 87 0 18 0 0 67 0 74 54 82 78 1 86 76 65 97 100 40 0 0 0 0 12 0 76 22 42 99 0 0 53 0 0 0 0 0 0 0 0 0 0 78 62 0 54 0 0 0 0 0 76 0 9 0 0 0 80 93 0 0 4 3 0 0 22 0 0 79 0 0 66 
0 0 0 0 8 0 72 0 0 31 48 37 0 0 0 89 0 0 0 67 6 88 95 0 37 0 67 0 62 0 0 0 91 0 0 36 0 0 0 0 33 0 91 26 0 0 90 97 82 0 17 87 56 60 85 0 41 3 0 0 0 0 0 0 99 82 0 0 22 0 0 89 36 76 0 0 13 34 0 18 0 3 3 0 0 29 6 33 0 24 0 36 20 0 26 80 0 69 33 78 
3 13 42 0 1 0 0 40 76 62 63 0 0 84 59 0 0 70 3 83 59 0 0 0 45 0 35 24 21 0 0 92 0 0 0 10 0 74 50 0 51 0 0 0 0 0 0 0 0 0 0 0 0 30 0 91 0 65 27 0 0 0 0 0 57 70 55 95 1 0 0 0 0 48 0 61 65 0 0 13 0 2 89 24 0 76 0 69 39 0 0 97 0 22 0 0 82 24 0 61 
0 9 0 0 37 0 0 89 9 23 100 0 0 0 0 0 0 12 0 0 0 80 0 0 0 52 1 48 4 84 62 30 53 0 99 0 4 0 74 0 0 59 87 0 0 0 0 0 0 0 73 59 50 0 0 0 0 77 0 0 0 34 0 61 23 78 0 0 65 0 67 72 26 0 80 68 34 8 65 89 85 0 100 0 66 0 0 0 0 94 0 20 89 7 88 78 39 96 94 0 
4 46 0 0 0 9 78 0 0 0 5 27 0 49 81 0 9 66 4 84 73 0 0 0 0 81 98 12 0 0 28 0 6 40 0 90 64 17 64 26 0 0 0 57 0 30 0 5 53 0 65 57 0 67 0 92 62 80 85 54 0 8 25 70 0 0 0 0 0 40 97 81 0 90 63 1 0 0 61 0 53 0 0 33 43 55 0 0 99 0 0 0 0 0 0 43 4 0 0 0 
92 52 0 48 0 0 0 69 67 58 0 0 0 0 4 35 0 15 97 57 96 39 76 38 23 1 0 0 0 67 22 12 56 93 0 0 41 11 0 0 0 0 54 0 0 46 82 87 99 0 30 5 0 83 15 0 95 63 16 0 6 59 7 81 0 0 0 0 0 0 27 13 0 66 23 0 78 43 39 32 0 91 38 39 0 0 89 0 0 0 0 0 0 20 52 0 25 0 29 0 
71 0 0 31 0 41 71 0 0 0 0 13 0 0 38 1 0 0 0 0 0 0 91 84 32 0 33 0 78 89 21 0 0 0 1 18 0 0 0 20 41 53 33 18 0 26 48 0 49 40 31 70 0 88 36 0 38 34 0 100 0 91 27 0 0 0 20 97 0 0 0 95 72 0 0 21 0 71 0 0 20 40 0 68 53 40 0 0 0 0 0 73 0 95 0 78 0 0 0 0 
47 0 95 51 0 69 0 0 10 0 38 0 0 24 16 3 91 56 0 78 79 0 0 0 0 0 0 22 0 0 0 0 0 20 0 0 0 0 0 28 63 4 0 0 0 0 8 48 0 0 0 59 0 65 67 0 0 11 5 3 0 0 0 0 0 5 32 94 97 60 0 0 0 73 81 4 0 0 39 0 0 29 76 0 81 0 20 0 0 67 0 71 0 0 29 99 0 68 0 86 
0 0 74 0 0 52 89 18 97 96 0 84 0 29 10 84 97 0 0 0 0 3 0 17 0 0 29 77 0 0 0 82 33 0 0 0 0 98 89 0 46 0 0 0 22 0 0 0 0 63 47 55 3 91 9 25 0 0 0 0 0 0 0 60 0 0 0 2 0 0 25 0 46 88 0 33 0 99 0 78 0 0 40 0 22 30 3 58 0 65 0 86 86 0 0 0 0 12 99 69 
68 0 56 0 35 39 36 0 27 0 23 0 0 84 79 0 75 62 0 0 38 35 34 0 78 1 66 0 13 0 0 71 0 0 0 0 96 0 0 71 0 0 90 0 26 44 75 89 0 0 0 23 5 0 0 0 14 71 0 8 94 0 45 39 99 55 71 56 0 61 65 12 21 35 0 0 32 84 0 0 0 65 0 49 39 0 97 0 76 0 0 0 0 33 33 0 3 0 31 0 
32 0 53 87 0 0 45 77 0 64 0 5 0 0 16 87 0 8 0 56 0 26 0 0 0 0 91 78 0 0 0 40 0 0 65 0 17 0 10 0 20 88 0 0 0 0 80 97 98 0 0 0 61 0 27 9 33 40 5 0 0 0 0 7 25 45 76 10 84 0 0 0 0 84 0 0 14 90 0 63 2 35 20 0 29 68 79 0 0 44 0 66 18 66 66 0 0 39 54 0 
34 37 0 60 0 56 0 52 0 0 3 0 0 25 41 75 69 0 0 0 38 42 0 0 0 0 80 90 97 0 0 14 0 0 27 16 51 0 95 0 10 0 92 34 0 0 0 31 85 0 0 94 22 13 41 0 0 97 60 24 91 0 0 0 1 0 81 0 0 0 28 0 0 6 0 0 0 0 41 34 86 9 0 0 0 0 0 72 0 0 16 0 0 2 29 6 0 0 93 0 
0 86 23 1 0 0 4 0 0 45 0 0 0 100 38 0 58 0 83 75 100 0 23 0 0 0 100 0 0 0 0 0 0 0 31 0 75 0 78 27 0 9 34 95 94 0 0 35 0 36 10 0 98 0 44 82 0 0 48 62 0 0 0 0 0 0 0 79 0 0 31 82 69 72 0 55 56 84 26 0 25 12 55 65 60 47 64 57 15 48 45 0 0 41 0 0 86 40 96 0 
0 48 32 41 12 0 0 0 0 0 0 0 65 40 0 0 0 57 0 32 0 0 17 0 0 52 79 0 66 64 0 28 64 80 0 81 47 0 46 39 45 0 0 93 42 58 72 77 0 0 0 33 0 0 100 0 0 78 48 0 0 36 94 5 0 85 81 13 49 0 0 0 0 55 89 0 0 16 46 0 0 53 0 18 0 0 0 0 0 38 91 0 0 0 18 0 0 0 0 0 
21 57 0 59 12 0 9 16 0 0 0 0 36 43 68 0 49 63 0 7 43 0 0 0 81 0 14 11 0 72 1 0 35 4 16 51 0 53 0 0 31 0 0 42 0 0 0 0 0 0 35 0 80 0 0 0 0 0 0 0 57 0 70 0 17 0 55 53 54 0 55 0 0 0 0 28 39 0 80 0 15 0 65 77 0 0 0 80 21 0 0 17 67 4 49 0 0 15 27 42 
84 0 0 0 0 0 0 60 89 0 82 48 0 0 7 66 0 0 0 0 0 0 0 27 66 0 25 0 0 6 0 0 0 0 71 90 0 0 64 0 0 0 0 73 38 0 0 84 57 0 43 4 0 47 0 48 70 0 90 22 58 0 0 0 60 0 61 0 2 0 83 0 63 0 0 0 0 53 43 63 65 55 11 0 0 0 0 36 0 0 85 51 17 0 0 52 41 0 0 28 
48 18 0 0 0 13 0 0 0 44 50 0 97 0 13 0 0 88 0 0 0 0 35 0 24 69 0 0 53 0 10 65 0 18 0 0 89 0 0 0 29 0 0 0 0 0 0 0 46 1 0 0 6 0 0 0 57 43 0 0 6 0 0 24 83 27 0 6 0 85 0 14 54 0 0 50 5 0 0 38 0 0 80 52 0 0 0 23 32 0 65 0 65 0 24 47 0 0 0 0 
12 59 33 0 70 0 25 0 0 23 78 86 72 0 6 42 0 0 25 62 4 0 53 0 52 0 0 63 13 0 0 0 0 53 58 96 0 0 0 0 85 0 40 0 0 0 61 63 0 67 44 0 0 89 9 0 0 0 5 0 19 58 0 35 48 30 53 0 82 76 20 0 35 0 77 0 1 75 95 0 77 43 0 19 0 12 13 55 0 80 66 19 0 0 0 0 53 0 0 0 
2 0 22 89 23 16 94 64 0 0 0 71 70 61 43 0 0 90 0 0 11 0 0 32 0 67 23 0 0 20 0 84 0 73 0 88 0 4 84 68 0 0 13 0 0 100 0 66 0 50 33 11 0 0 81 0 0 31 19 0 17 0 77 0 0 50 30 0 3 0 0 0 2 42 41 0 8 0 0 0 34 31 0 46 67 16 89 78 15 0 95 3 46 65 98 0 35 0 44 0 
2 57 53 47 0 22 64 0 0 86 30 0 0 34 0 91 0 0 6 34 0 93 0 0 10 92 0 50 73 59 38 0 33 0 0 0 27 0 0 67 0 0 51 14 0 88 31 96 64 0 82 12 0 0 44 1 0 0 49 0 0 0 26 0 0 0 62 0 0 0 77 40 0 0 0 3 0 52 0 0 33 32 0 79 0 0 0 0 0 83 0 0 0 85 0 0 0 12 0 63 
0 21 0 1 0 0 0 99 51 0 0 0 0 14 2 0 0 31 0 0 0 13 0 59 95 0 80 0 3 0 0 0 0 0 0 47 0 10 0 33 18 25 0 0 57 8 0 0 96 94 36 1 0 13 0 34 0 100 60 0 0 0 0 22 23 0 0 35 93 0 98 0 0 94 71 2 38 0 0 36 97 0 0 0 0 52 93 61 0 0 0 0 46 68 17 18 31 13 0 0 
0 0 0 0 0 79 74 67 11 0 29 31 87 54 10 11 0 0 98 7 0 0 100 0 0 0 61 58 97 0 0 40 0 0 71 0 0 75 0 7 28 0 0 69 0 70 37 0 0 86 0 0 0 0 0 17 73 54 49 2 0 0 0 0 35 0 82 40 0 0 50 52 0 29 0 0 0 13 56 0 0 0 0 83 0 1 79 0 75 63 54 58 49 0 57 0 79 97 48 40 
14 0 42 0 36 80 97 0 38 13 70 0 0 78 0 0 68 0 0 71 11 13 47 0 82 0 46 78 0 93 0 29 0 0 0 51 58 0 0 31 29 0 0 0 62 0 52 50 26 0 23 38 97 0 56 63 45 0 0 0 71 0 26 0 64 95 0 0 0 50 0 0 0 0 10 0 67 0 22 34 0 0 0 98 0 0 0 0 17 64 86 0 87 0 94 0 0 0 6 9 
0 0 12 12 26 42 0 63 95 0 27 73 0 0 0 0 0 11 87 0 40 14 0 0 51 38 22 0 0 0 0 0 0 0 0 76 0 0 0 0 79 0 0 0 0 38 57 15 0 24 13 46 0 37 0 0 35 0 42 3 81 0 73 37 0 46 41 0 0 0 74 0 88 0 0 63 0 0 0 34 0 62 0 0 0 0 0 57 56 0 0 59 0 0 99 74 16 0 0 47 
22 0 0 0 78 0 0 0 63 71 0 64 0 15 65 0 47 74 0 57 0 91 0 0 50 0 75 24 81 92 0 77 44 22 0 0 0 0 0 44 21 9 17 0 0 11 3 99 85 0 56 52 0 13 91 0 0 0 0 79 0 63 0 38 71 50 66 0 65 65 0 92 40 0 0 82 0 0 0 0 17 0 46 0 0 0 0 0 32 77 61 74 0 0 0 0 22 34 0 0 
63 0 74 0 0 0 0 34 0 91 0 0 45 0 56 42 0 0 0 0 54 55 0 0 0 0 44 48 52 89 98 44 0 0 27 0 0 0 0 84 21 0 50 81 0 21 62 0 0 72 98 0 0 0 72 0 0 0 0 0 0 0 0 8 0 66 0 17 0 92 72 0 0 60 0 68 0 0 20 0 0 0 0 0 0 0 77 13 0 12 0 0 0 1 0 64 15 0 71 0 
0 0 0 71 37 48 0 0 5 93 0 0 74 0 0 15 80 39 16 0 31 0 0 0 59 0 24 62 0 38 94 27 0 8 72 0 36 0 17 0 14 0 0 0 0 100 40 86 100 0 6 0 0 0 0 78 68 74 43 82 33 0 0 0 38 0 0 85 66 0 0 0 0 0 0 80 90 13 0 0 50 0 32 0 0 34 66 27 0 0 0 38 0 44 53 0 0 63 0 66 
84 0 57 0 0 0 80 0 37 72 48 96 20 0 0 0 62 1 0 35 76 0 0 0 17 0 77 0 0 0 0 7 87 29 0 0 87 0 88 0 94 33 0 0 85 35 0 0 0 0 0 72 0 43 0 65 73 24 28 0 17 0 0 60 0 16 82 91 0 96 0 56 19 84 0 10 0 0 0 58 22 0 99 0 0 0 25 0 74 8 85 60 0 0 0 0 55 52 90 92 
63 93 49 95 9 90 0 1 69 0 0 67 0 1 0 23 0 14 0 12 84 0 0 32 0 0 0 84 11 71 33 0 6 0 0 17 0 11 58 0 0 57 0 0 30 0 31 30 98 0 0 28 71 1 79 0 0 88 0 56 60 56 43 43 74 72 0 0 0 92 0 0 0 0 0 81 10 0 45 0 41 35 49 40 72 11 61 0 0 96 10 8 5 10 80 85 83 0 34 56 
31 18 0 52 32 33 0 87 0 0 0 0 0 94 72 0 78 0 46 0 53 51 8 100 0 21 0 0 0 0 18 92 10 60 100 20 0 0 0 35 0 7 0 71 0 0 0 0 2 44 74 26 0 0 0 0 31 8 32 0 74 0 0 0 88 7 0 4 37 55 0 0 0 29 30 54 13 0 0 0 0 0 2 81 0 0 56 0 0 0 71 0 0 97 0 41 73 0 0 0 
0 30 0 0 86 25 86 78 0 73 64 22 37 0 0 52 32 95 0 0 63 15 84 63 0 0 10 0 0 96 24 0 0 0 0 0 19 0 74 85 32 0 0 0 94 0 58 0 0 0 0 77 29 0 0 77 0 0 27 85 0 0 0 0 0 72 57 0 58 0 91 0 56 0 0 70 0 0 48 0 33 66 0 98 0 0 3 5 21 74 66 0 0 98 58 0 0 0 0 0 
0 0 0 34 0 19 0 0 0 0 74 0 0 24 0 0 0 0 25 0 0 0 46 48 85 0 0 81 89 0 0 91 100 14 88 81 62 66 35 90 0 86 0 0 0 0 54 73 0 0 78 0 0 11 0 0 0 0 0 0 0 0 0 40 0 0 77 0 24 0 0 0 0 0 0 0 35 62 0 41 63 0 0 0 35 34 0 0 70 0 10 0 0 0 0 98 0 73 0 50 
50 60 0 38 0 5 30 0 53 95 0 0 0 0 0 64 39 0 0 87 0 50 42 65 42 0 7 0 76 0 27 0 67 0 75 0 0 84 71 0 0 0 93 0 16 0 29 80 0 0 0 94 0 0 0 0 0 0 0 36 0 0 0 28 0 56 0 0 22 87 0 79 0 73 88 30 51 0 0 11 0 0 0 80 86 86 86 68 99 0 0 36 0 52 0 5 0 0 0 36 
0 0 0 37 11 7 83 0 0 70 0 0 0 0 0 0 91 98 45 59 0 0 31 10 55 48 52 85 0 95 0 0 21 2 0 10 0 35 31 0 31 25 2 21 0 0 82 0 0 44 5 78 0 0 0 33 47 2 3 0 0 0 9 0 71 0 1 0 0 0 0 88 13 2 42 18 0 0 0 0 75 0 2 0 47 0 0 0 0 61 53 23 0 0 0 0 8 83 88 2 
28 0 0 0 0 91 60 46 0 0 58 0 0 26 24 0 94 82 0 56 33 0 0 0 83 91 61 0 0 0 0 0 32 0 0 0 95 60 59 45 72 49 0 0 0 8 0 0 0 0 0 86 32 92 0 0 96 0 14 0 88 63 78 78 0 0 29 0 0 0 0 23 0 0 0 85 23 0 0 0 0 81 2 0 12 0 0 0 82 0 34 0 0 0 79 0 0 86 24 0 
35 14 100 0 59 0 88 0 63 0 0 0 0 17 0 0 78 5 0 0 66 88 0 0 0 0 0 0 54 0 0 92 0 0 64 64 0 77 94 89 4 23 0 88 0 0 0 68 83 0 0 0 0 0 42 44 0 24 82 78 13 0 12 0 0 0 0 7 26 0 0 0 15 25 0 0 64 0 3 0 0 76 0 0 55 0 0 63 0 0 49 54 49 41 0 24 0 41 0 0 
0 53 0 27 93 0 29 12 48 0 0 8 4 72 18 0 64 3 0 0 65 75 85 0 75 58 43 0 0 0 16 38 12 15 0 0 77 0 25 0 55 51 0 83 25 11 66 6 60 0 0 92 39 77 74 0 15 0 65 0 27 31 0 41 24 47 20 53 23 60 24 83 0 20 96 0 0 0 4 0 0 76 0 7 0 16 33 0 15 36 20 37 0 0 86 0 0 0 0 26 
89 0 73 0 0 0 0 27 0 0 65 0 0 23 0 0 65 0 0 62 0 91 16 0 0 0 0 0 70 42 0 93 55 6 39 0 67 0 0 0 0 0 6 0 0 96 0 0 0 7 0 84 100 96 94 85 95 0 0 0 0 0 65 0 5 0 42 0 0 0 0 34 0 0 0 98 94 0 0 71 0 0 24 72 0 91 0 0 0 0 0 0 0 61 11 0 0 61 0 11 
18 29 99 0 31 13 88 14 45 25 0 64 0 0 98 0 91 67 0 18 0 56 0 0 61 0 0 47 0 0 6 0 0 0 0 0 2 54 99 32 66 0 0 0 0 27 13 0 26 0 0 0 0 70 77 21 14 7 0 0 0 0 0 11 42 21 0 27 0 14 0 54 0 0 90 43 0 0 96 19 48 0 0 87 14 0 20 0 0 0 0 0 95 0 0 0 39 0 64 81 
0 51 70 0 0 0 0 7 0 0 16 0 0 28 55 62 29 22 0 21 30 0 3 28 0 0 87 10 99 21 0 0 0 87 70 7 0 0 31 0 0 0 0 0 0 0 0 80 22 42 12 0 60 0 21 2 0 0 0 0 0 53 74 75 0 0 0 74 25 32 0 32 0 0 3 9 95 0 0 0 40 0 100 0 92 0 52 0 0 0 0 24 66 27 0 0 0 0 0 0 
32 35 0 92 86 0 78 1 99 0 24 0 78 0 0 53 0 0 14 0 84 36 0 3 9 80 0 0 0 46 0 0 0 0 0 44 0 0 0 4 18 0 27 0 3 0 52 27 0 0 86 0 0 84 39 50 32 0 44 0 0 0 0 80 56 0 1 0 0 0 21 97 58 0 56 92 0 0 0 42 57 0 34 78 0 0 93 85 0 30 95 46 75 98 0 13 67 0 0 0 
0 28 0 1 43 52 91 0 0 71 0 78 0 0 0 0 62 27 18 37 0 0 0 0 62 14 95 0 0 0 0 0 0 0 0 32 40 74 55 56 0 93 0 0 0 78 0 50 84 72 49 53 5 0 0 63 37 0 86 0 20 0 18 0 96 64 7 77 69 0 0 0 0 26 7 72 0 0 70 0 0 0 0 36 76 0 0 0 0 0 0 0 0 56 68 0 12 6 0 47 
25 35 0 36 0 41 94 0 0 66 0 0 0 0 0 0 36 72 62 0 30 0 0 0 38 56 84 0 0 0 0 0 0 98 0 91 64 0 0 0 91 74 0 28 0 75 0 0 0 0 0 0 0 0 0 15 34 0 0 0 0 0 50 0 0 44 0 37 0 78 0 10 0 0 41 17 0 69 18 0 51 0 14 2 0 46 0 0 0 29 0 0 0 50 0 0 0 0 80 0 
66 0 0 0 89 36 0 0 8 9 0 0 51 21 0 62 0 87 83 0 0 0 21 0 80 0 64 0 0 0 0 0 61 90 0 92 17 0 10 0 0 83 38 58 0 83 0 0 53 0 67 5 96 42 62 0 0 40 20 66 0 0 0 39 11 89 60 0 73 0 20 94 52 4 38 77 97 0 0 74 62 0 0 52 0 28 0 30 2 0 26 0 54 32 100 4 0 46 0 0 
63 0 24 44 0 0 0 0 59 0 0 42 80 2 0 13 63 78 90 89 0 70 0 19 0 0 9 63 0 99 49 87 67 29 52 67 42 78 0 86 0 0 0 0 27 0 0 99 38 41 64 0 47 0 0 0 0 90 16 0 0 57 0 25 0 82 0 63 88 0 92 0 0 5 31 0 76 19 0 0 1 0 0 0 12 0 0 0 13 43 0 0 42 0 0 86 12 0 0 87 
36 3 30 65 0 0 0 80 0 23 89 43 0 56 0 0 0 0 74 1 0 0 0 28 19 0 80 95 67 0 0 62 0 52 69 54 64 0 16 0 0 25 81 0 82 0 14 0 24 68 38 54 0 90 95 0 23 80 0 71 66 15 0 0 57 0 0 0 38 51 65 76 35 24 57 78 1 0 31 100 0 7 0 0 42 31 47 26 45 28 0 19 68 0 0 54 0 0 91 0 
0 0 3 19 14 0 35 48 0 0 76 23 0 0 69 0 0 0 17 40 0 58 0 13 48 0 25 0 7 0 0 2 39 0 0 0 46 18 0 40 0 0 0 0 16 20 0 44 89 0 0 65 0 14 65 0 81 48 0 59 0 0 95 74 0 0 0 23 83 56 0 0 41 89 81 0 15 0 0 38 0 0 0 38 0 0 17 55 76 0 0 0 56 45 0 0 0 0 0 0 
66 28 31 5 0 0 43 0 81 0 41 0 0 81 0 0 0 0 66 0 0 59 0 72 72 44 23 0 34 8 79 0 0 0 3 0 0 9 54 0 8 95 0 83 87 0 13 74 0 3 0 0 75 78 77 13 33 63 7 0 75 0 0 96 2 87 0 0 0 56 0 84 22 0 0 0 0 87 0 73 0 91 66 18 100 0 0 35 0 0 0 86 51 0 77 0 0 0 0 0 
0 0 0 78 84 0 12 0 0 98 0 94 0 34 0 11 74 55 0 0 45 36 20 0 31 0 57 56 31 0 90 13 54 52 0 84 0 35 0 41 4 35 0 0 0 0 99 0 3 35 0 0 69 0 86 93 0 45 41 34 26 0 0 0 0 0 47 0 26 79 62 53 90 3 0 0 12 0 73 0 0 81 48 44 44 50 0 0 59 21 0 79 31 39 0 42 15 0 19 56 
0 50 0 36 0 0 43 0 10 0 0 1 92 0 0 0 0 72 79 92 0 0 11 85 0 0 29 90 0 76 69 0 40 26 0 0 45 0 41 0 82 78 0 30 52 0 39 0 0 0 55 68 0 0 21 0 73 75 84 52 0 48 98 0 66 38 37 2 61 0 42 23 0 0 40 44 89 8 0 54 0 0 41 0 0 0 17 0 0 79 57 20 0 51 0 39 86 92 79 68 
