100 100
16 24 82 68 26 82 13 89 98 41 67 60 79 39 65 56 80 38 43 26 74 90 90 78 45 76 82 15 16 44 3 4 40 90 41 35 29 67 29 30 10 15 63 36 50 68 10 81 43 54 33 32 75 33 73 33 18 91 67 76 84 36 69 33 73 85 29 15 77 12 29 41 23 54 73 47 79 18 79 99 54 89 17 67 45 32 52 51 23 68 44 18 36 76 44 80 65 28 69 21 
21 43 92 18 82 22 73 13 60 83 73 35 95 82 53 37 17 81 79 12 94 76 1 51 66 1 62 75 78 66 46 19 64 32 4 58 82 97 30 29 83 23 62 76 74 92 22 83 68 48 46 13 18 92 51 35 80 13 35 44 100 93 94 97 19 98 73 56 60 94 16 64 56 44 96 87 81 22 16 1 88 36 35 13 87 12 36 45 41 87 5 31 31 83 29 67 19 86 21 58 
68 19 1 54 43 59 87 19 24 51 89 42 62 7 64 74 71 64 68 66 83 97 53 80 8 47 77 38 24 75 98 10 53 65 92 31 75 64 49 96 15 23 47 32 8 56 17 3 24 27 51 82 76 5 67 60 51 100 84 39 75 24 40 27 40 53 33 58 6 78 53 60 57 33 71 68 51 72 38 2 88 1 88 40 56 75 80 39 7 37 43 62 4 14 97 22 61 6 17 4 
22 63 67 77 99 79 61 91 81 67 36 3 26 91 40 26 40 97 79 32 50 23 56 23 94 2 41 73 60 95 98 19 87 56 62 60 9 54 58 73 49 42 49 56 49 81 31 99 35 19 97 2 38 47 45 70 77 12 31 34 73 49 55 19 82 19 4 47 3 59 100 64 77 15 8 7 54 74 73 85 22 8 23 76 81 40 54 28 67 72 96 65 43 32 71 32 41 70 28 94 
17 9 88 41 58 7 7 55 66 17 14 25 47 47 45 31 32 57 78 8 85 94 26 69 26 14 20 66 84 40 92 83 40 11 88 15 6 44 82 80 50 55 42 52 67 82 7 38 9 10 11 61 4 74 48 57 20 39 30 74 73 62 64 92 4 37 64 69 49 51 97 42 68 2 20 28 30 63 90 10 46 11 22 68 49 14 85 91 82 16 49 81 11 34 89 16 12 65 60 28 
24 61 19 79 21 67 73 22 63 7 68 45 56 89 92 47 2 93 93 79 89 28 83 92 83 23 99 40 47 39 9 7 71 9 31 10 78 71 14 8 35 38 1 63 79 18 44 57 13 22 15 92 63 16 13 51 22 37 56 19 27 49 36 84 33 2 54 44 86 64 90 7 90 15 83 49 38 89 75 14 44 90 18 81 47 37 7 4 30 71 84 76 25 84 25 76 79 13 28 57 
60 54 25 2 72 80 23 34 71 90 40 12 30 52 11 88 93 40 19 92 56 98 51 47 10 22 1 58 50 46 43 6 17 10 3 39 35 7 9 84 86 54 16 9 83 58 48 41 68 51 18 93 16 73 60 94 26 11 50 63 35 79 48 95 67 10 82 94 65 98 17 72 46 6 81 54 65 95 45 5 73 13 30 69 77 67 96 32 3 55 37 96 66 74 48 48 8 100 93 55 
91 42 80 90 7 28 85 32 13 94 23 83 98 91 52 43 36 96 77 27 18 3 27 71 2 80 76 33 82 73 71 93 52 73 56 48 78 7 29 6 21 8 89 32 4 70 89 97 21 15 70 98 94 42 25 36 17 77 17 6 50 34 4 14 37 27 72 53 58 43 82 97 100 19 44 1 21 71 29 15 95 91 58 41 68 22 80 8 73 4 68 1 55 64 56 18 94 25 67 83 
12 22 3 28 31 66 99 15 81 3 85 23 24 12 6 80 70 55 20 13 22 87 87 55 41 36 92 75 60 49 10 89 98 86 27 27 38 54 71 1 81 3 39 75 68 98 93 5 25 32 66 72 7 35 34 15 24 59 83 25 61 7 74 15 78 29 79 54 67 88 8 100 95 94 46 62 36 22 86 57 23 20 47 51 6 17 25 83 33 79 96 12 64 76 69 84 57 67 23 22 
88 28 4 3 30 72 79 93 42 84 40 83 10 23 63 18 100 10 36 24 2 82 41 69 41 95 21 20 82 18 35 99 28 42 39 1 68 41 28 64 96 10 57 26 28 71 95 24 76 80 50 67 27 58 81 17 41 41 34 10 68 3 2 82 24 1 90 48 4 68 47 67 30 59 21 86 4 16 88 63 49 85 45 10 29 72 90 62 69 94 96 49 62 56 49 24 99 79 11 92 
96 38 50 11 20 50 74 16 33 41 48 41 74 27 56 93 32 20 18 22 33 58 4 62 12 88 6 9 98 60 11 92 47 87 97 87 79 67 29 66 67 58 46 85 70 52 2 78 5 45 87 43 23 4 16 30 58 17 3 28 26 36 100 65 89 51 93 89 72 70 72 61 19 41 71 63 27 85 16 15 86 86 24 32 48 48 3 52 36 85 62 48 89 20 86 46 13 45 80 15 
32 24 85 98 34 75 63 78 38 67 54 29 38 19 91 10 40 1 76 19 45 85 16 93 30 15 16 44 30 7 72 87 15 51 68 15 40 100 99 45 55 37 5 6 33 93 89 64 3 22 74 23 98 10 91 24 88 21 39 82 48 48 94 46 19 78 65 54 23 56 2 87 35 97 55 57 71 64 49 28 50 4 86 27 33 45 73 67 22 23 97 53 12 59 23 20 94 16 36 70 
99 12 71 63 30 34 32 28 8 12 55 57 7 21 52 16 88 48 86 3 92 59 20 63 45 43 37 38 59 57 32 12 88 99 2 12 86 82 38 34 3 71 35 4 78 43 74 69 11 54 36 10 100 68 42 29 49 34 98 63 69 78 31 60 42 34 10 9 19 56 67 53 6 60 7 100 2 12 57 6 40 28 41 74 38 79 82 97 9 90 79 12 26 32 88 25 4 71 41 24 
36 62 44 70 53 95 11 16 85 18 32 13 69 55 86 47 60 29 25 5 63 85 40 3 65 1 38 92 13 64 39 80 94 37 66 71 57 8 64 31 70 76 43 30 69 51 92 28 99 72 40 94 22 89 57 30 4 69 54 30 44 66 80 11 100 41 52 62 97 53 82 92 14 87 88 84 91 35 68 4 82 82 79 92 91 94 35 70 86 20 60 35 15 24 58 10 5 86 3 96 
6 19 28 80 29 29 83 53 25 12 19 71 46 64 60 77 59 30 34 78 71 41 7 89 58 83 100 63 79 46 46 12 51 90 71 88 55 48 25 78 9 99 54 3 41 87 12 87 26 87 40 61 83 32 31 11 57 26 66 43 44 83 82 18 65 17 30 61 75 92 93 89 80 88 81 90 51 9 56 45 78 75 64 45 100 98 19 61 77 63 61 71 13 87 10 40 25 82 46 33 
2 25 65 88 16 74 43 26 66 44 55 33 69 44 7 56 85 4 69 88 8 78 21 72 64 49 56 15 95 19 65 5 5 96 6 19 87 82 72 95 35 11 94 43 91 22 42 59 41 21 71 42 10 54 3 97 51 20 84 7 49 73 98 5 46 95 33 30 90 35 68 2 26 7 14 53 33 92 99 34 53 53 88 27 7 57 24 45 48 44 30 89 45 79 99 67 86 27 25 38 
50 6 87 20 39 4 77 23 34 86 52 75 28 61 9 48 53 77 43 43 39 21 10 56 47 80 99 1 77 5 40 65 83 84 29 37 16 58 2 48 97 34 2 28 64 2 43 58 6 99 70 13 55 34 82 84 83 23 50 2 3 86 36 48 37 73 50 16 53 57 52 65 85 61 85 34 54 6 61 72 97 21 73 100 87 62 2 9 36 76 60 33 62 41 22 5 20 73 80 45 
75 52 91 93 82 11 56 96 67 19 99 32 19 71 71 16 93 42 11 15 100 30 96 84 74 42 2 55 97 38 20 65 14 49 72 81 11 93 49 26 8 52 97 47 70 61 17 8 18 11 78 36 77 70 6 53 34 89 80 20 78 60 28 28 63 67 42 93 43 69 83 11 57 94 62 97 72 82 83 49 54 49 30 72 65 58 82 20 44 13 52 16 27 6 76 24 53 71 59 87 
89 30 41 11 40 34 13 62 47 23 100 30 34 60 75 91 90 50 76 40 76 95 42 25 81 83 64 98 28 84 42 20 67 9 45 66 4 61 91 67 99 27 11 74 11 12 23 50 97 20 41 45 32 40 33 94 4 49 19 65 40 16 66 87 75 50 82 29 34 75 88 98 52 46 44 70 56 47 86 73 57 64 69 62 37 56 62 62 50 65 52 51 44 68 21 83 92 83 47 39 
60 65 93 84 31 25 34 84 79 95 56 6 63 54 82 100 41 6 27 53 42 48 13 17 77 27 35 26 84 44 99 74 64 90 17 23 95 18 65 2 69 96 82 10 81 82 20 74 5 84 71 78 11 58 88 58 71 99 35 17 64 25 71 44 18 50 35 44 24 91 96 27 57 52 82 80 56 90 46 9 15 40 92 42 42 49 74 45 22 65 96 37 26 95 40 77 41 89 55 13 
19 95 3 59 86 65 2 67 23 70 21 42 47 14 57 87 61 97 63 11 45 79 84 71 81 80 78 66 50 31 100 37 93 66 63 15 15 32 9 51 80 98 60 10 42 88 42 83 79 7 67 81 76 52 63 17 77 52 24 50 72 100 85 51 76 48 20 14 54 24 19 62 85 44 48 29 63 40 21 78 56 48 15 4 89 30 92 45 36 68 38 94 91 82 24 11 59 19 50 14 
77 55 65 59 10 67 100 80 83 81 19 52 40 51 87 37 5 25 16 5 59 24 61 73 10 70 76 71 80 20 87 84 55 49 13 46 84 63 15 61 79 76 9 71 55 78 31 6 76 16 91 42 46 95 2 45 43 42 54 83 10 58 39 44 19 29 4 25 43 57 66 82 3 56 29 94 48 5 88 54 29 53 22 77 89 20 5 22 51 93 16 48 7 55 35 56 71 60 52 29 
39 79 84 54 31 92 93 92 99 10 64 77 57 52 96 47 46 39 91 65 26 36 90 20 87 67 8 18 8 35 4 95 34 23 64 24 11 2 4 32 100 27 44 94 41 79 98 81 53 36 88 69 75 29 64 93 52 20 24 12 85 69 76 67 94 79 34 89 18 91 35 57 77 75 24 51 8 47 71 25 54 81 96 98 30 33 6 92 12 52 17 90 2 69 54 75 80 18 42 66 
100 21 89 85 76 27 38 34 65 98 71 61 73 5 11 88 2 96 11 90 96 72 16 81 17 77 42 8 83 58 23 22 100 74 68 91 62 98 51 62 72 18 46 50 46 89 46 34 52 88 3 15 37 88 77 50 23 2 33 10 83 35 64 34 26 62 32 9 94 78 97 99 96 25 22 17 45 15 7 32 57 15 7 65 9 95 64 62 38 70 87 98 71 48 61 96 38 64 43 87 
33 92 65 94 46 66 60 97 80 13 62 72 34 19 26 16 43 59 27 61 92 53 59 37 4 23 29 53 84 28 21 1 35 22 94 41 10 14 33 5 47 73 35 17 8 23 33 92 9 97 85 70 78 20 93 26 3 33 98 62 2 1 28 67 30 26 73 76 54 58 26 29 3 65 62 5 14 68 59 75 9 83 24 96 72 75 21 57 47 16 77 15 73 44 44 35 69 50 27 69 
6 52 97 38 46 17 17 68 40 86 73 69 99 24 28 66 68 85 19 71 16 82 16 29 31 9 33 39 14 43 29 21 33 11 76 56 99 88 76 29 60 81 34 37 73 23 17 70 21 64 6 61 9 88 40 63 14 46 67 15 3 48 38 87 58 3 66 39 59 67 7 57 78 81 4 85 30 19 51 12 74 89 81 53 39 41 7 98 78 60 59 19 9 13 7 86 15 32 33 32 
52 82 53 15 8 81 55 97 61 83 76 25 33 45 24 91 39 37 49 46 84 50 90 6 12 61 89 77 57 34 47 72 20 61 62 11 87 80 11 45 59 52 53 20 14 41 6 27 91 11 75 30 34 85 6 59 20 52 70 40 26 78 63 11 82 8 43 4 95 72 24 92 96 11 77 99 80 49 35 81 71 37 83 51 12 47 68 17 79 14 14 68 17 15 43 85 80 45 45 16 
66 36 68 2 43 56 57 78 77 36 79 51 55 72 60 88 23 64 3 89 89 11 79 70 63 3 59 2 80 53 39 38 25 55 99 78 1 52 19 76 81 15 19 45 1 65 7 56 29 61 92 93 74 8 7 3 75 13 53 66 11 72 15 46 19 75 39 4 21 12 30 21 83 24 79 2 16 7 38 76 41 1 47 45 61 57 29 95 69 2 5 77 98 76 59 81 76 97 32 28 
24 92 73 89 48 20 5 7 82 21 51 84 72 47 48 84 11 5 26 49 65 87 82 42 44 68 8 24 83 76 73 46 93 31 74 96 98 4 1 44 61 52 51 67 89 80 50 17 55 22 54 5 66 91 41 37 18 75 66 55 44 15 88 20 55 49 51 20 64 89 28 38 3 77 25 51 75 64 51 19 44 60 85 48 54 54 64 5 81 28 24 5 2 45 21 80 96 89 20 77 
27 29 16 99 24 46 39 46 24 90 69 89 98 71 15 69 34 26 81 47 46 43 79 46 99 94 32 59 8 61 85 9 99 2 28 61 42 2 42 84 66 16 27 95 9 85 29 22 66 65 84 43 50 31 64 59 11 32 57 8 81 37 56 66 14 88 34 51 46 71 100 75 41 88 58 21 24 3 42 8 26 33 32 41 13 73 5 85 28 58 54 98 19 13 74 99 60 13 65 24 
46 81 5 84 59 82 17 13 56 35 65 52 98 79 25 69 99 83 22 83 74 70 91 74 62 9 24 84 56 81 73 48 59 98 99 73 62 15 78 5 9 51 23 71 39 51 83 55 63 50 93 76 83 95 55 49 74 1 78 28 57 75 76 41 63 36 40 7 62 3 5 24 63 34 60 23 42 45 33 91 29 28 59 30 43 37 32 8 24 40 17 45 84 100 88 99 3 33 63 14 
43 100 26 81 29 36 4 7 7 68 46 87 43 6 41 68 44 94 75 95 37 21 52 98 10 21 83 13 61 64 40 29 10 60 100 25 7 88 8 89 27 69 98 17 23 80 27 90 65 53 84 85 65 71 83 31 58 78 8 91 8 52 25 69 87 92 28 92 88 58 37 13 25 5 26 25 67 52 77 25 46 60 82 41 89 92 85 10 15 37 79 58 18 56 86 79 81 39 89 35 
5 34 90 83 25 83 10 89 93 49 87 77 60 12 6 11 40 48 61 18 8 70 2 43 10 36 90 81 35 93 49 40 80 25 56 41 24 98 17 55 93 99 11 3 30 37 2 83 1 73 15 67 93 96 19 30 28 85 82 35 13 60 92 50 69 71 95 98 43 52 11 73 8 26 66 6 85 54 49 3 70 78 29 69 70 66 38 36 77 14 83 100 83 30 57 92 19 64 40 19 
59 42 53 17 34 18 70 99 82 65 58 45 33 98 88 91 54 6 29 61 37 32 45 37 1 84 28 76 8 1 98 12 82 96 68 90 7 1 89 3 63 67 60 87 33 21 72 69 66 44 73 19 64 98 98 71 77 72 46 19 16 97 48 73 23 88 85 50 38 87 65 57 96 1 6 5 15 97 18 34 62 67 69 51 86 98 11 75 28 20 64 11 58 4 8 100 69 33 48 68 
34 48 50 31 54 71 48 20 85 46 67 4 70 26 87 72 100 8 38 87 82 7 26 16 1 21 9 90 76 81 22 22 21 75 15 25 17 9 50 1 22 80 54 79 2 3 86 91 64 36 63 37 34 13 95 35 68 43 86 30 78 62 21 18 67 62 29 75 72 20 93 60 56 58 24 21 64 61 8 18 13 47 35 97 68 48 41 97 30 74 100 84 53 40 97 1 53 97 24 40 
65 93 65 29 55 82 7 3 7 41 39 51 97 14 47 38 93 88 98 40 72 10 64 29 90 60 95 83 98 28 78 89 90 3 89 2 12 26 76 16 41 71 51 98 94 74 74 63 64 46 26 80 20 56 52 49 36 21 98 86 16 13 64 8 36 80 20 51 63 51 69 93 54 38 79 62 13 65 89 29 68 65 27 98 40 67 26 98 35 46 85 15 26 37 59 87 44 39 71 5 
72 71 70 42 10 86 57 21 37 77 95 12 97 66 26 59 32 92 50 14 42 52 96 16 37 70 84 88 92 21 37 88 89 2 92 56 56 64 5 52 3 64 68 35 7 24 24 17 13 91 31 78 67 22 59 47 94 22 40 86 80 91 28 57 4 79 44 69 40 42 96 68 8 13 35 58 73 1 63 73 57 69 16 92 69 3 32 68 70 51 95 28 11 39 81 25 79 25 59 91 
15 75 61 31 80 26 40 46 58 89 59 64 90 15 64 42 21 40 60 19 46 98 71 48 18 58 27 64 64 85 64 88 45 14 55 21 59 41 71 74 43 62 82 95 19 67 72 28 40 55 24 87 12 82 87 29 1 31 45 80 11 18 48 46 49 11 63 48 89 8 99 36 95 92 98 16 62 38 49 21 20 44 65 6 90 17 84 64 27 26 42 8 47 48 83 28 37 10 48 93 
80 58 72 92 25 82 11 51 100 25 58 8 72 22 80 3 8 31 10 99 85 16 47 8 29 50 55 97 99 75 86 28 78 50 83 12 43 76 2 91 51 68 15 11 94 95 80 38 24 76 86 69 9 15 94 48 75 30 99 56 15 19 46 67 76 77 7 7 93 2 22 62 44 86 68 26 68 39 58 20 100 66 64 1 25 82 32 85 36 15 76 50 66 36 45 25 91 60 50 52 
49 26 20 48 65 65 32 28 56 13 12 55 79 73 72 28 1 69 100 64 56 81 44 15 57 97 29 12 33 36 15 79 61 2 32 71 34 99 11 7 2 9 52 50 75 44 21 27 65 86 46 29 58 59 79 71 78 99 60 92 37 33 33 56 30 94 9 5 76 84 28 87 13 55 28 7 10 87 15 1 12 18 56 9 16 52 91 82 33 31 89 85 33 97 11 92 2 14 49 3 
25 9 68 97 36 46 86 1 32 6 44 48 81 76 67 31 51 69 98 86 25 48 39 53 7 75 70 48 98 88 67 49 18 27 85 41 83 19 17 82 67 38 32 32 96 92 62 56 48 43 55 15 51 6 52 76 24 63 81 1 52 25 24 5 16 76 23 78 59 68 64 42 88 87 40 43 4 29 48 43 80 4 98 76 83 19 73 22 25 55 15 65 78 32 87 64 65 11 34 26 
91 68 95 54 10 60 26 99 83 68 33 95 45 94 1 83 90 19 19 3 36 38 76 92 31 68 19 55 76 45 63 24 52 81 93 14 62 95 10 58 46 87 24 46 49 61 81 46 99 13 19 2 81 21 54 20 25 37 1 5 5 17 42 90 87 98 57 17 26 79 92 23 43 77 97 65 57 62 46 31 79 18 71 8 82 36 65 21 6 6 69 73 46 78 42 40 65 12 48 43 
34 20 72 40 49 46 89 36 30 10 6 35 97 52 69 32 49 92 47 94 57 9 54 53 96 41 23 75 46 92 84 42 82 38 54 100 95 21 10 61 46 26 93 40 71 95 41 59 63 55 47 32 53 98 56 41 40 72 57 52 95 63 76 49 72 38 20 45 72 52 13 48 67 36 27 18 63 11 55 32 96 5 35 87 20 96 97 42 72 27 56 3 57 9 76 1 50 30 26 86 
4 11 41 67 32 9 57 13 37 84 14 22 79 60 34 30 36 2 95 17 20 27 58 16 81 49 64 29 7 58 15 78 42 87 31 7 77 39 31 49 43 85 33 23 3 98 100 57 87 70 82 78 72 49 62 68 25 89 64 100 51 81 61 80 16 60 99 49 90 74 21 83 100 11 45 48 50 32 16 100 46 89 71 49 16 15 19 44 29 93 78 100 2 82 76 50 37 38 34 4 
78 37 16 4 60 23 71 48 52 98 29 33 74 34 27 81 2 15 87 36 12 67 5 78 62 53 75 48 98 20 55 41 30 60 43 46 75 53 17 76 80 62 56 81 1 64 77 75 42 8 6 89 23 50 78 23 28 19 27 16 74 1 12 80 67 71 15 81 52 20 29 34 97 69 78 86 55 15 41 56 59 38 54 85 83 44 59 78 24 58 27 42 16 83 10 89 29 86 35 89 
74 96 40 75 46 64 57 74 17 54 54 78 28 84 38 78 7 23 50 21 35 21 42 80 2 7 47 98 11 97 54 40 79 56 22 9 45 24 39 27 33 51 80 57 30 20 30 8 51 71 31 77 12 9 33 63 39 42 53 78 45 43 72 77 58 77 64 44 13 84 49 58 60 46 24 34 83 1 75 32 43 26 81 66 1 67 53 37 26 31 73 14 53 36 75 28 27 92 47 74 
11 86 99 36 76 6 58 40 54 49 7 15 84 64 23 79 41 28 100 27 28 65 83 9 24 77 28 4 77 76 16 44 16 3 96 27 83 62 88 39 21 89 40 100 87 17 51 59 27 16 50 69 74 57 66 97 13 64 60 50 18 16 84 42 64 70 11 35 70 97 60 88 22 23 86 12 11 41 100 36 48 21 90 26 62 62 61 37 53 15 20 49 41 82 24 43 69 69 29 85 
58 7 22 92 34 61 5 72 61 14 27 11 89 43 8 11 85 64 63 22 14 82 54 32 63 43 51 41 84 54 55 48 43 100 28 56 76 95 5 29 43 39 42 89 18 35 22 59 74 34 76 31 26 2 69 33 79 95 48 21 67 94 18 8 71 99 75 81 94 75 13 70 19 84 61 18 11 29 8 51 42 68 32 51 56 99 95 58 17 32 36 16 35 72 21 88 61 4 49 20 
39 88 90 100 36 18 72 51 99 54 99 86 37 22 96 81 7 59 51 71 53 13 100 85 27 25 65 13 12 54 98 23 22 35 27 85 84 82 38 66 86 11 1 82 13 96 3 80 6 82 71 72 36 17 42 39 73 13 72 13 54 13 98 94 28 77 10 88 31 45 68 80 34 29 72 96 75 16 1 32 69 52 38 22 76 3 77 62 74 12 52 80 45 38 24 21 97 68 52 17 
88 10 15 22 14 78 23 14 85 49 10 12 59 48 34 6 52 69 73 23 40 18 90 24 23 71 65 12 75 25 8 52 55 21 86 2 99 91 64 70 97 67 63 94 85 86 98 31 54 28 74 70 27 79 84 97 97 75 24 58 21 18 53 7 66 36 6 32 68 22 88 72 12 43 81 68 87 97 52 45 44 36 12 25 85 38 69 45 29 53 4 76 12 78 24 52 61 54 4 94 
10 95 48 24 74 21 31 98 46 6 59 86 44 17 6 5 12 35 5 14 74 63 28 13 23 40 42 71 86 2 88 5 61 94 15 59 96 32 59 24 87 72 62 65 67 45 69 92 29 87 39 41 61 18 28 16 64 50 70 42 92 20 87 24 82 30 47 97 39 57 19 91 40 33 42 41 87 91 72 40 88 98 78 90 13 15 53 81 54 35 29 88 86 27 23 13 99 81 30 40 
59 98 51 47 76 13 33 50 21 14 85 69 23 18 58 34 86 29 53 54 82 9 54 12 32 16 56 77 85 98 43 37 36 17 41 39 84 5 23 31 19 67 83 17 8 57 88 73 93 96 3 14 32 24 99 94 33 13 16 63 78 19 55 90 96 25 68 45 63 86 23 21 4 33 91 17 64 74 84 65 64 96 20 51 48 68 89 34 42 59 79 10 23 90 18 35 47 40 22 11 
77 3 69 56 64 88 14 99 64 1 64 15 2 3 79 84 60 53 82 93 87 59 85 48 28 41 77 49 42 83 49 44 25 65 24 81 10 2 59 17 37 4 65 17 15 73 22 24 36 85 54 95 1 57 61 38 81 29 7 15 76 42 12 76 67 47 56 54 98 81 61 18 39 19 8 68 81 3 50 56 46 43 23 8 76 87 11 97 35 41 88 42 72 67 35 93 56 19 97 80 
89 55 79 10 100 50 17 11 19 96 93 63 36 2 81 52 31 54 14 29 99 59 22 58 91 18 46 66 19 34 21 76 93 38 28 2 90 51 63 8 9 4 45 24 85 31 53 35 27 65 90 38 47 29 3 45 79 41 94 18 64 57 37 84 50 5 60 49 40 55 31 44 13 92 93 92 51 48 57 11 68 32 93 29 38 21 68 99 81 16 38 25 87 84 6 25 33 11 69 52 
8 83 13 39 47 72 1 66 25 39 47 87 85 30 62 11 44 23 15 26 45 24 78 62 9 7 60 26 41 74 67 93 16 34 11 66 87 74 15 64 5 2 25 81 15 60 82 29 57 64 53 45 98 26 66 45 28 20 38 19 39 37 37 87 94 60 73 56 75 55 42 31 26 5 31 49 58 93 7 15 13 54 64 69 100 14 88 10 90 76 19 61 37 29 62 33 16 82 97 77 
24 70 44 63 64 31 15 55 44 85 2 35 88 2 26 67 100 90 30 86 98 94 83 85 32 94 51 81 84 76 99 73 78 47 73 95 64 86 99 15 50 51 95 26 81 35 56 52 28 50 41 51 21 58 6 21 58 41 62 38 54 29 33 61 37 18 82 73 39 36 11 12 48 96 59 45 60 84 73 31 80 72 62 92 26 31 5 43 46 82 63 52 21 100 100 32 67 11 4 97 
90 18 56 27 80 79 81 41 51 77 5 83 42 63 16 5 22 45 2 10 9 47 69 49 90 23 26 7 96 61 74 25 36 83 50 45 45 39 87 83 62 8 55 93 99 42 21 60 53 49 6 34 2 75 32 65 75 12 79 7 93 63 23 8 70 58 89 34 37 50 64 53 16 55 67 25 43 59 8 92 12 83 84 71 16 99 18 10 66 60 68 22 34 92 77 38 95 57 61 74 
66 38 29 51 50 45 32 30 55 32 90 80 40 96 81 19 8 50 2 5 14 51 63 89 25 54 28 46 59 60 6 80 56 7 63 73 77 96 89 71 93 40 89 25 83 43 51 58 2 49 40 50 77 4 63 61 61 79 1 2 59 81 89 55 12 31 31 13 21 28 60 4 61 23 60 26 49 39 21 100 85 85 78 66 63 12 62 6 82 58 8 58 41 63 60 83 56 97 32 11 
12 44 17 24 44 50 47 10 5 51 40 76 6 95 62 83 6 80 53 44 33 77 91 69 78 87 32 56 27 7 7 18 28 89 59 73 90 69 6 81 79 47 75 35 99 11 14 53 63 81 95 29 56 62 99 98 2 65 89 32 53 32 59 99 83 100 59 39 87 84 12 11 30 44 34 3 4 9 48 70 4 39 20 23 68 69 50 31 53 4 12 54 33 35 82 67 25 59 40 84 
20 29 86 17 78 91 17 8 86 82 16 31 80 80 51 24 80 99 50 47 43 46 73 56 49 80 43 16 12 76 38 36 91 97 98 95 86 76 27 75 19 56 54 13 16 42 70 43 39 53 57 100 11 48 68 11 14 30 30 52 4 97 16 18 18 59 100 70 43 99 42 13 97 21 32 85 86 13 11 48 32 52 44 11 68 58 84 94 84 33 13 23 31 48 36 54 68 2 58 67 
53 93 34 55 12 57 72 58 1 42 69 41 92 72 14 88 55 68 100 10 23 73 84 76 79 3 21 32 70 77 89 80 16 59 34 22 24 44 65 88 38 100 67 6 70 59 13 11 14 14 49 81 98 37 28 47 41 65 91 26 70 43 67 32 26 50 99 75 81 3 49 98 24 82 18 91 36 94 6 22 89 15 68 79 49 96 89 61 65 6 31 67 85 71 69 32 81 70 29 30 
66 64 92 84 81 55 6 64 22 86 55 82 7 62 32 87 64 84 46 64 35 3 28 94 44 37 56 100 82 91 22 80 81 24 30 54 48 39 98 95 1 15 44 59 14 73 31 85 82 29 34 62 64 21 60 37 74 87 68 7 32 18 45 59 99 35 91 4 70 62 95 10 34 66 94 83 32 61 94 40 97 66 10 87 66 32 58 30 78 20 28 81 26 85 37 74 32 56 72 59 
91 38 6 40 51 39 76 7 41 97 99 63 5 2 26 72 34 37 42 52 20 88 65 78 86 20 14 95 71 27 76 92 88 1 88 95 82 71 45 3 75 3 10 69 81 46 37 67 2 10 80 86 3 20 58 20 29 57 1 43 1 84 15 1 13 65 100 16 68 59 26 99 55 8 84 44 73 67 72 35 81 88 60 99 68 46 68 40 85 70 26 50 86 83 61 57 81 88 94 70 
59 66 1 11 71 25 75 54 87 65 72 64 34 17 43 71 77 73 52 29 60 5 97 26 97 81 66 45 46 44 26 58 28 83 58 31 21 3 89 86 6 12 84 92 47 8 98 82 7 38 42 91 97 22 73 27 61 21 21 34 47 40 88 60 4 51 25 37 70 8 58 33 40 9 37 13 88 71 25 58 56 38 97 35 15 58 43 44 94 93 48 67 75 12 69 72 96 30 7 34 
72 19 67 55 99 62 81 28 85 86 91 10 66 14 4 22 97 38 77 38 99 49 27 17 17 27 86 37 21 57 92 76 99 52 55 86 100 26 84 71 29 46 39 64 49 72 29 98 49 64 85 45 19 58 10 66 100 34 34 91 37 81 90 44 6 39 90 56 87 56 13 31 90 64 9 22 83 90 90 4 10 69 35 25 73 57 91 20 7 97 20 7 51 88 30 66 20 38 7 8 
22 95 35 67 35 40 100 33 44 33 60 2 2 100 28 57 81 38 62 12 64 33 64 6 20 69 95 70 30 51 28 28 16 9 36 47 19 40 78 90 76 14 72 98 55 62 76 17 80 2 9 85 62 40 91 65 27 59 13 95 22 99 33 7 77 54 81 93 42 37 81 7 20 47 88 50 87 18 4 10 84 51 28 63 80 84 94 30 89 48 76 75 53 90 41 7 9 76 87 12 
76 30 43 22 9 2 3 4 11 30 3 7 71 10 60 63 10 35 46 65 72 90 88 14 77 18 48 13 10 16 76 42 45 11 71 20 90 37 99 54 64 70 45 98 70 16 22 87 7 71 79 36 58 97 29 93 49 53 48 89 87 30 100 49 64 38 58 95 39 56 93 76 25 76 100 25 46 80 35 89 99 77 15 16 30 51 96 61 11 30 29 70 16 78 24 87 19 76 22 56 
98 54 86 48 27 6 7 33 19 41 72 45 80 37 25 8 29 50 62 55 51 32 37 88 19 69 53 80 82 40 31 96 12 31 4 89 60 70 57 51 9 64 14 42 95 22 74 95 43 73 41 66 94 8 34 25 65 66 45 10 31 65 42 44 40 64 78 68 67 81 69 30 4 39 49 25 78 59 20 76 18 52 50 31 44 25 40 71 72 15 13 5 28 39 11 82 95 20 57 65 
53 78 77 36 36 66 100 14 73 74 36 28 64 18 79 35 51 80 1 74 74 87 3 17 13 48 78 32 92 14 100 36 83 66 48 58 58 85 32 16 32 21 82 73 43 14 2 34 38 66 65 25 41 49 12 3 97 57 59 47 48 69 16 58 68 77 81 9 36 76 96 36 37 96 43 72 6 29 38 11 15 61 56 26 30 97 16 5 9 74 92 14 88 93 76 32 32 16 40 7 
50 73 35 36 92 6 54 4 49 83 59 33 88 17 27 29 5 24 85 84 80 51 97 11 74 95 69 7 16 62 19 12 28 20 26 31 21 5 22 43 20 83 73 79 11 96 38 11 98 36 12 90 11 27 60 8 23 2 98 36 65 33 35 45 77 70 28 29 20 33 26 97 73 83 99 39 61 1 97 53 97 100 13 97 1 56 3 51 3 35 44 90 81 10 41 1 100 56 35 43 
86 1 55 63 16 30 23 95 100 36 45 24 96 12 21 11 88 50 53 9 43 17 64 8 94 96 93 86 38 19 8 33 74 3 55 28 27 24 19 32 39 31 68 20 26 86 39 23 30 10 18 100 33 71 1 94 17 84 15 90 32 53 8 38 17 39 97 28 60 9 74 30 23 9 63 62 42 35 2 73 25 3 4 56 5 62 18 79 88 14 43 51 37 38 29 23 71 71 51 97 
75 90 34 11 2 40 59 4 93 80 75 54 83 76 35 96 45 40 10 16 24 26 46 81 88 61 11 64 40 5 80 28 59 82 93 71 86 30 76 33 57 91 28 85 35 100 82 25 18 2 84 13 52 46 38 16 90 99 58 61 86 97 47 94 1 21 14 71 3 79 38 79 3 99 64 11 19 24 26 17 55 53 73 98 95 10 53 2 35 90 34 8 32 15 16 38 28 94 76 76 
2 69 32 87 12 24 10 73 43 93 16 39 2 62 11 55 69 20 94 78 53 42 5 53 20 75 70 96 93 33 82 10 88 89 51 53 81 23 97 76 6 12 20 38 100 9 90 96 48 95 16 17 77 76 5 39 83 58 47 71 41 71 57 79 52 74 75 2 52 28 20 85 26 31 23 40 86 68 92 69 47 56 51 98 20 84 68 68 57 96 69 38 44 1 59 1 79 84 47 84 
57 93 42 49 48 53 7 39 35 1 85 57 97 88 32 15 72 65 22 68 43 30 34 20 96 30 12 4 20 81 40 27 62 71 46 60 45 25 19 42 90 59 63 68 83 52 83 40 93 26 52 78 48 65 31 58 45 67 23 59 66 96 54 48 100 92 35 30 33 51 56 42 22 61 44 86 18 58 47 17 20 54 29 41 62 75 40 77 76 50 36 23 87 89 7 57 97 39 88 66 
93 93 59 34 95 66 73 12 17 5 34 77 46 22 36 100 87 9 90 88 58 100 48 73 3 67 87 85 44 7 91 49 1 42 39 16 46 50 78 9 26 65 79 56 97 79 21 4 80 81 13 53 58 46 83 42 17 35 28 77 83 73 12 66 76 46 63 15 4 9 79 26 43 85 1 90 25 46 68 39 71 57 62 24 73 1 60 22 63 87 91 39 14 46 66 96 6 66 45 89 
79 13 71 90 23 59 50 22 42 4 29 96 56 36 43 64 27 46 35 24 48 61 13 64 24 65 74 41 76 9 69 35 37 99 14 66 9 42 77 25 93 37 77 1 15 99 83 8 52 29 12 20 49 34 15 27 84 99 73 1 72 60 15 59 30 16 59 38 98 100 84 93 26 72 70 59 92 44 60 80 61 43 99 51 55 98 68 63 17 35 6 13 72 26 7 70 38 14 58 72 
52 39 62 45 27 48 12 29 65 48 66 45 72 83 39 28 94 8 59 91 26 92 81 18 66 15 28 64 95 45 45 89 57 13 88 1 91 8 70 73 51 48 6 34 36 68 26 54 86 88 60 30 87 80 74 44 93 16 12 52 60 96 2 59 91 62 10 51 76 13 43 27 78 74 56 27 78 6 79 99 75 52 51 30 19 53 34 31 63 14 36 56 82 9 5 83 85 81 27 89 
70 22 57 66 37 34 47 75 83 83 37 60 60 6 17 69 58 96 52 27 55 4 73 52 65 11 91 17 92 11 19 91 89 8 28 53 16 99 17 53 11 47 51 77 98 9 27 57 42 35 34 7 47 87 28 57 85 88 70 95 18 80 20 74 12 65 43 55 34 24 89 24 38 21 28 61 33 83 68 21 22 46 7 34 70 82 55 30 70 59 85 48 83 90 50 87 74 44 28 53 
59 77 44 45 21 23 4 38 57 100 38 10 12 88 2 74 61 49 46 85 44 94 30 42 73 6 6 35 5 61 59 71 68 18 79 49 82 38 26 65 47 8 29 89 5 33 80 71 1 8 23 1 77 29 40 23 64 64 63 98 47 72 49 43 57 39 49 82 38 3 95 53 8 34 54 45 95 71 50 15 10 5 23 79 90 74 50 48 43 98 73 28 62 83 75 82 60 26 99 6 
72 59 86 88 25 46 82 89 70 72 21 61 42 39 5 63 68 39 6 78 14 11 77 81 22 58 48 81 95 69 54 55 55 45 74 78 54 59 51 90 96 20 66 16 72 33 26 68 33 41 90 40 24 88 80 14 25 29 52 20 33 63 15 6 24 75 83 8 27 13 78 34 40 50 48 69 17 22 88 80 4 40 46 58 67 24 79 57 35 67 24 85 28 62 20 69 67 76 37 24 
17 99 79 75 47 93 40 50 42 20 71 71 60 98 18 29 69 51 22 46 7 48 59 6 56 14 76 95 100 36 32 14 91 34 72 6 23 78 86 83 4 86 17 26 50 98 54 87 9 7 70 25 69 68 97 81 38 34 92 97 31 29 58 97 64 4 88 50 5 6 92 76 97 91 16 39 69 34 54 4 29 90 1 79 43 20 13 38 51 93 72 94 47 17 32 40 51 71 3 57 
75 62 11 54 71 100 40 69 85 43 20 77 38 100 84 77 38 71 24 73 76 13 47 84 83 29 61 26 59 87 96 85 50 30 34 8 34 30 20 7 67 38 78 29 34 37 4 73 70 95 27 3 88 62 52 36 80 78 23 82 59 44 72 19 1 72 51 6 23 43 46 80 62 82 71 83 57 36 40 79 48 95 82 66 34 23 100 76 69 59 72 62 89 80 24 74 91 54 87 9 
22 39 2 8 28 20 7 22 78 48 50 19 28 29 34 90 37 63 5 59 69 2 81 24 55 21 19 94 8 81 21 73 45 6 7 93 25 27 35 9 82 76 95 57 18 36 53 95 54 6 58 29 58 79 17 50 54 39 23 81 14 43 33 53 34 72 21 27 83 24 54 18 55 81 22 16 70 4 48 68 5 66 72 84 73 90 13 16 26 94 66 75 2 61 52 5 59 72 50 70 
18 35 69 35 83 73 77 78 42 4 74 57 61 89 58 18 34 84 63 18 52 73 3 79 69 30 98 82 79 49 3 28 74 86 10 58 75 72 94 78 98 37 77 80 49 70 52 63 37 65 96 61 14 53 15 31 39 93 52 13 85 61 61 83 19 38 75 56 99 42 38 99 67 85 69 32 88 24 27 98 43 34 59 56 87 71 13 67 20 98 11 36 37 34 57 62 92 100 93 57 
67 34 77 74 97 30 71 33 54 70 18 11 32 10 54 62 61 61 56 9 19 59 50 35 26 29 66 6 88 32 99 36 5 55 10 90 13 39 66 51 23 64 23 90 85 58 91 29 49 49 59 65 34 63 87 34 49 82 74 76 2 13 1 34 61 36 14 39 58 8 61 5 49 17 90 77 55 56 57 44 24 90 12 89 36 24 97 1 7 57 29 92 50 63 43 56 1 89 9 89 
89 81 85 67 69 54 80 32 74 10 25 37 43 42 15 33 96 22 3 29 70 80 51 32 86 71 23 23 65 3 46 28 93 85 75 82 42 30 74 9 72 18 31 16 13 93 93 80 14 19 91 20 22 89 85 53 82 81 20 14 3 92 49 68 34 22 52 62 81 37 52 25 15 40 95 26 53 19 87 38 94 80 26 83 69 74 63 23 4 30 81 40 49 35 11 36 94 67 87 15 
52 36 24 10 32 1 51 100 26 34 74 97 94 18 49 60 31 99 50 23 15 78 71 45 51 2 8 59 41 93 69 34 46 45 88 32 53 75 14 59 49 9 55 50 86 41 80 56 82 15 91 80 51 36 70 97 42 33 77 3 95 71 9 36 10 92 69 100 20 16 1 100 78 48 72 98 1 96 41 54 23 66 63 54 13 38 16 68 68 36 81 6 83 84 13 57 17 30 76 34 
33 4 22 62 68 49 23 48 35 51 25 3 11 82 15 100 89 20 9 60 64 85 85 31 89 49 62 100 14 17 59 20 1 81 67 11 88 32 60 45 85 37 75 16 16 59 18 29 63 29 10 18 89 90 71 27 98 66 79 57 15 34 14 43 89 74 9 100 64 18 87 95 83 88 90 79 95 62 61 27 22 28 22 99 13 40 52 44 40 34 10 30 84 45 40 15 80 44 72 6 
18 100 68 25 32 24 76 28 17 7 14 12 2 73 31 16 62 73 71 35 92 66 63 63 26 75 58 44 78 18 36 10 58 83 31 15 4 21 59 51 37 74 53 19 13 77 51 78 13 28 92 50 35 12 1 2 91 35 93 3 33 28 75 14 54 35 97 27 79 9 27 13 1 7 7 49 7 84 86 28 95 49 70 95 66 22 73 9 30 91 30 88 74 55 45 1 19 61 41 85 
66 9 86 93 59 73 50 12 1 98 28 17 67 56 81 98 46 77 14 54 1 32 27 29 65 17 41 73 46 60 4 16 40 6 41 62 65 70 65 15 89 95 52 36 64 53 79 24 64 32 93 33 37 61 45 98 61 5 20 68 75 75 51 9 92 18 59 70 81 54 9 34 8 54 14 18 38 95 100 43 79 96 56 16 34 9 12 59 48 22 27 25 32 28 81 78 99 35 77 2 
46 22 40 22 87 16 97 57 22 71 46 31 57 6 95 97 93 49 13 39 12 68 27 6 84 23 9 35 68 90 18 36 24 87 57 12 32 32 40 29 61 68 35 66 78 45 98 95 23 44 39 99 10 25 28 6 47 53 46 72 96 87 61 17 3 72 7 31 91 90 36 43 39 74 35 48 63 78 85 60 34 85 74 14 19 87 63 20 40 92 99 25 16 20 22 48 68 80 20 59 
79 18 73 46 3 11 3 36 75 67 27 80 99 50 67 97 46 100 95 17 36 8 36 93 17 81 5 37 14 99 48 90 21 83 5 34 54 70 89 30 49 71 85 64 92 79 56 77 96 95 80 60 61 88 54 24 20 18 44 61 69 84 29 55 41 8 78 62 94 47 22 67 66 12 38 67 57 25 7 93 69 2 36 26 7 90 79 13 89 51 45 69 91 51 76 52 87 64 33 84 
64 92 100 67 70 39 51 31 97 32 90 83 53 43 3 40 92 41 14 34 16 74 70 56 70 49 13 77 77 72 53 80 6 52 4 77 91 78 42 46 28 43 69 11 44 99 81 26 89 79 47 68 98 23 40 24 97 77 32 35 62 76 47 18 51 4 92 87 42 95 1 46 35 90 17 38 78 100 95 56 78 8 9 59 68 26 2 82 57 44 58 53 8 50 89 37 62 13 29 64 
13 17 85 16 94 30 86 27 53 33 5 26 71 17 31 17 1 23 29 8 50 51 84 37 67 46 37 69 95 38 82 71 95 82 96 100 76 56 51 24 73 27 3 1 34 15 58 71 74 14 75 53 85 54 13 63 30 9 34 79 19 86 14 52 97 89 15 5 54 44 30 93 33 32 95 34 2 26 29 47 93 49 11 77 93 100 98 50 25 21 89 98 49 28 31 73 48 80 8 76 
4 93 6 94 75 8 67 43 39 81 4 31 51 82 87 77 42 46 64 56 81 43 93 11 97 88 98 42 76 22 5 23 33 53 35 64 68 18 62 100 96 14 52 89 83 48 89 33 60 3 94 83 82 18 84 76 17 44 54 83 20 80 43 40 45 40 84 75 33 91 3 43 10 50 58 59 56 51 44 43 78 38 78 80 96 18 40 86 96 63 43 77 97 5 43 68 12 31 75 60 
24 67 1 44 43 50 69 22 38 68 59 57 59 86 76 85 91 59 67 25 38 57 21 66 23 78 15 75 33 25 33 12 15 46 17 43 18 10 79 55 27 3 76 60 100 2 66 76 74 28 73 69 91 38 37 76 6 85 14 32 79 98 69 37 98 34 13 13 50 94 14 3 75 12 93 36 47 33 25 38 66 63 63 37 28 30 60 5 47 78 24 82 25 34 60 50 99 87 25 100 
24 28 24 49 98 76 51 29 100 15 79 93 5 12 14 39 52 49 37 90 54 55 75 87 24 55 35 52 82 92 43 83 60 26 45 19 11 77 99 64 96 21 50 73 88 11 39 94 92 87 89 61 97 67 56 41 59 72 91 96 41 7 84 75 75 50 68 7 95 98 63 99 43 43 6 76 13 98 29 9 80 80 15 79 91 78 89 4 86 88 68 97 5 42 18 97 73 13 41 90 
10 69 67 95 73 47 22 75 66 5 50 58 57 30 21 24 90 21 43 58 78 5 95 71 63 18 54 35 54 24 19 28 30 92 21 21 56 94 20 97 5 24 76 26 75 37 43 56 67 36 78 3 47 59 48 28 32 48 89 99 84 63 1 95 4 34 1 10 76 18 21 32 33 76 26 67 32 92 55 17 75 37 76 38 4 37 37 59 92 86 40 95 64 79 21 24 21 20 47 39 
70 59 56 63 7 37 19 30 34 57 15 41 55 65 92 88 94 29 39 98 17 91 15 74 90 14 3 71 15 5 35 22 84 14 93 2 32 62 50 88 32 80 96 87 40 48 40 34 73 72 97 99 62 77 67 53 33 63 79 35 58 39 46 55 76 37 76 57 17 42 6 73 28 88 90 77 60 53 66 22 96 61 23 61 85 51 53 58 84 58 45 80 93 80 54 18 58 1 5 50 
48 5 19 97 32 31 51 73 88 31 90 43 40 83 66 33 35 85 86 61 35 30 96 1 84 63 42 36 96 24 41 1 4 10 81 79 22 42 10 41 23 8 29 22 80 8 66 58 47 44 54 35 29 72 28 55 58 22 6 64 94 99 63 32 66 22 51 5 37 63 25 2 69 58 78 3 2 38 79 72 90 98 51 50 49 56 91 66 86 61 97 65 31 14 17 57 89 23 37 50 
