
100 100
0 0 0 0 0 0 0 0 0 0 0 0 0 0 0 81 0 0 84 97 0 72 0 0 0 0 50 0 0 0 72 0 0 0 0 14 0 78 0 0 0 0 0 0 0 0 0 0 0 0 6 0 0 0 0 0 0 0 0 0 0 0 0 0 0 0 0 0 0 0 0 0 0 0 0 0 0 0 0 0 0 0 0 0 77 78 0 0 0 0 0 0 0 0 0 0 0 0 0 0 
0 0 0 99 0 0 0 0 0 0 0 0 0 0 0 0 0 0 82 0 0 0 0 0 0 0 0 0 0 0 77 0 0 0 0 0 0 25 0 90 0 0 0 0 39 0 0 61 0 0 0 0 0 0 20 0 0 0 0 0 14 0 0 0 0 0 0 31 0 0 0 0 0 0 0 0 0 0 0 0 0 52 0 0 0 0 0 0 0 0 0 0 0 0 0 0 0 0 7 0 
0 0 0 0 0 0 0 0 0 0 0 0 0 0 0 0 0 0 0 0 0 0 0 0 0 0 0 0 0 0 0 0 0 0 0 0 0 0 0 0 0 0 0 0 0 0 0 0 0 0 0 0 0 0 0 0 0 0 0 0 0 0 0 0 0 69 0 0 0 0 0 0 0 0 0 0 0 0 0 0 0 49 0 0 0 0 0 0 0 0 0 0 76 0 0 0 0 15 0 0 
0 0 0 0 0 0 0 34 0 0 0 0 75 0 0 0 0 0 84 0 0 0 0 0 0 0 0 0 0 0 97 0 0 84 0 0 0 0 0 0 0 0 61 0 0 0 19 0 0 0 0 0 0 0 0 0 0 49 0 0 0 0 0 0 0 0 0 0 0 0 0 0 0 0 0 0 0 0 0 0 0 0 0 0 0 0 0 0 0 56 0 0 0 0 0 0 0 0 65 0 
0 0 0 0 27 0 0 77 63 14 0 0 0 0 0 0 96 0 7 0 14 0 0 0 0 0 0 0 0 0 0 0 0 0 0 0 0 0 0 0 0 0 0 0 0 0 0 0 0 0 0 0 0 0 0 55 0 0 0 0 0 0 0 78 0 0 0 0 0 0 0 0 0 0 0 0 86 0 0 0 0 0 0 0 37 0 0 0 0 0 0 100 0 0 0 0 0 0 0 0 
0 0 0 0 0 0 0 0 0 0 0 0 0 0 0 0 0 0 0 0 0 0 98 0 0 0 0 0 0 0 0 0 0 0 0 0 0 0 0 0 0 0 0 0 0 10 0 0 0 0 0 0 0 0 0 0 0 0 0 21 0 0 0 0 0 0 7 0 0 34 0 0 0 0 11 25 0 0 0 0 0 0 0 0 0 0 0 0 44 0 84 96 0 0 0 0 0 0 0 0 
0 0 0 0 0 0 22 11 0 0 0 29 0 0 0 51 0 0 0 0 0 0 4 0 0 0 0 0 0 0 4 0 0 0 0 0 0 0 0 0 0 0 0 11 0 0 0 0 0 0 66 0 0 79 0 18 0 9 0 0 0 0 0 0 0 0 0 0 0 96 66 0 0 0 0 0 0 56 17 0 0 0 69 0 0 0 0 0 0 19 0 0 0 0 0 0 0 0 0 0 
0 0 0 0 0 0 0 0 0 0 38 0 0 0 0 0 0 0 0 0 22 32 0 0 0 0 0 0 0 0 0 0 0 0 0 0 0 0 0 0 51 80 0 0 0 3 0 0 0 0 0 0 0 0 0 0 0 0 0 0 0 0 79 0 82 56 0 0 0 0 0 0 0 0 0 0 0 0 0 0 0 0 0 0 0 0 0 0 0 0 0 0 0 83 0 0 0 0 0 0 
0 31 0 0 99 0 0 0 0 0 0 0 0 15 100 0 0 0 0 0 77 0 0 0 0 0 0 0 0 0 0 0 0 0 0 0 0 0 0 0 0 85 0 0 0 0 0 0 0 0 0 0 0 0 0 0 0 0 0 82 0 0 0 0 0 0 0 0 0 0 0 0 0 0 0 75 0 31 0 0 0 0 0 0 0 55 0 0 0 0 0 0 0 0 0 0 0 0 0 0 
0 0 0 0 0 0 0 0 0 23 0 31 0 0 0 0 0 0 0 0 0 0 0 0 0 0 0 0 0 0 0 0 0 0 0 0 0 0 0 0 0 0 0 0 0 0 0 0 0 0 0 0 0 87 0 0 0 0 63 0 0 6 0 0 0 0 0 0 0 67 0 0 0 38 0 0 72 0 0 0 0 0 0 0 0 0 0 0 0 0 0 0 0 0 0 0 0 0 0 0 
0 0 0 0 0 0 0 0 45 0 0 65 0 0 0 0 0 0 0 0 0 0 89 0 0 0 0 0 0 0 0 90 0 0 0 0 0 0 0 0 0 0 0 0 0 0 0 0 0 0 0 0 0 0 0 0 0 0 0 0 0 0 0 0 0 0 0 0 93 0 0 0 0 0 0 0 0 0 0 29 0 7 0 0 0 61 0 0 0 0 0 21 0 0 0 0 0 0 88 0 
0 0 0 20 0 0 44 0 0 0 0 0 0 0 0 0 0 0 0 0 0 0 71 0 0 0 0 0 0 0 0 63 0 0 0 84 0 0 0 0 0 0 94 0 0 0 0 0 0 0 0 0 0 0 29 0 0 0 83 0 0 0 0 0 77 0 0 0 0 66 0 0 43 0 0 0 0 0 0 0 0 0 0 0 3 0 20 85 0 0 0 39 0 0 0 0 0 0 0 0 
0 13 40 62 0 0 0 0 0 0 0 0 0 0 94 0 0 0 0 0 0 0 56 0 0 0 0 0 0 0 0 0 0 0 0 0 25 0 0 0 0 0 0 0 0 0 0 0 0 0 0 60 0 0 0 0 0 0 0 50 0 0 0 0 0 0 0 0 0 0 0 0 0 0 0 0 0 0 0 0 0 0 0 0 0 0 0 0 0 0 75 0 0 0 82 0 7 0 0 0 
0 0 0 0 0 0 0 0 0 0 0 0 0 50 0 0 11 0 0 0 0 0 0 0 9 0 0 0 0 0 0 44 0 0 0 84 0 0 0 0 0 0 0 0 0 0 0 0 0 23 0 0 0 0 0 0 0 0 82 0 0 0 34 0 0 0 0 0 0 0 0 0 0 0 0 0 0 0 0 0 0 64 0 0 0 0 0 0 0 0 18 33 0 52 0 0 0 0 0 0 
0 0 0 0 0 0 0 0 0 0 0 86 0 0 0 0 0 0 0 0 0 0 0 0 93 0 0 0 0 0 0 0 85 0 68 0 0 0 0 0 73 0 0 0 0 0 0 0 66 0 0 0 0 0 0 0 0 0 0 0 0 0 0 0 0 69 0 0 0 0 0 0 0 0 0 0 0 0 0 0 0 0 0 0 0 0 0 0 0 22 0 0 92 0 0 0 0 0 0 0 
0 0 0 0 0 0 0 0 0 0 0 0 0 0 0 0 0 67 0 49 0 0 14 0 0 0 0 0 0 0 0 0 0 0 0 0 58 0 0 0 0 0 0 0 0 0 0 0 0 0 0 0 0 0 11 0 0 0 0 0 0 0 0 53 0 0 0 0 0 0 0 0 0 0 0 0 0 0 0 0 18 0 0 0 0 0 0 66 0 0 0 0 0 0 0 0 0 0 0 0 
0 0 0 0 0 0 0 16 0 0 0 0 31 0 0 0 0 0 0 0 0 0 0 82 0 0 0 0 0 0 0 0 0 0 0 0 0 0 0 0 0 0 0 0 0 0 0 0 0 0 0 0 0 0 0 0 31 0 0 0 0 0 0 25 0 0 0 0 0 0 0 0 0 0 0 0 0 0 0 0 0 0 0 0 0 0 0 0 0 0 0 0 0 0 0 0 0 79 0 0 
0 0 0 0 0 0 0 0 0 0 0 0 0 0 0 0 0 0 0 0 0 0 0 0 0 0 0 0 0 0 0 41 0 0 0 0 0 0 0 0 0 0 0 0 0 5 0 0 5 0 0 0 0 0 0 0 0 90 0 0 0 0 0 0 0 0 0 0 0 0 0 0 0 0 0 0 0 0 0 0 0 0 0 0 0 0 0 0 0 0 0 0 0 0 0 0 0 0 9 0 
0 0 0 0 0 0 0 0 0 0 0 0 0 0 0 0 0 0 26 0 0 0 91 0 0 0 0 0 0 74 0 0 0 0 0 0 49 0 0 0 0 0 0 0 0 0 77 0 0 0 0 0 0 0 0 0 0 0 0 0 0 0 0 0 92 0 0 0 0 0 0 0 0 0 0 0 0 0 0 0 0 0 0 0 0 5 95 0 0 0 0 0 0 0 0 0 54 0 0 0 
0 0 0 0 0 0 75 0 0 0 0 0 0 0 57 0 0 0 0 0 2 0 0 0 0 0 0 0 0 0 0 0 0 0 0 0 0 0 0 0 0 0 0 0 0 0 0 0 0 0 0 0 0 0 0 83 0 0 0 0 0 0 0 0 0 0 0 0 0 16 0 0 0 0 0 48 0 0 84 0 0 0 0 0 0 0 0 0 0 0 0 0 0 0 0 0 0 0 0 0 
0 0 82 0 0 0 0 0 0 0 0 0 0 0 0 0 0 0 0 0 0 0 0 0 0 0 0 56 0 0 0 0 0 0 0 0 54 0 0 0 0 15 0 0 0 16 0 0 54 0 0 34 0 0 0 0 0 0 0 0 0 0 0 0 0 0 0 0 0 34 2 0 0 0 0 0 0 0 0 0 0 0 0 0 0 0 0 66 97 0 0 0 0 0 0 79 0 0 68 0 
0 58 0 0 0 0 0 0 50 11 17 0 0 0 85 0 0 0 0 0 0 0 0 0 0 0 0 0 97 15 0 0 3 0 0 0 0 0 0 0 0 0 14 0 67 0 0 0 0 45 0 0 0 0 0 0 0 0 0 0 0 0 0 0 0 0 0 0 0 0 2 0 0 0 0 0 0 31 0 0 0 0 0 0 0 0 0 0 0 0 0 0 0 0 0 0 0 0 81 0 
0 0 0 0 0 0 0 55 0 0 0 0 0 0 0 0 0 0 0 8 0 0 89 0 49 0 0 0 0 0 0 0 0 0 0 0 0 0 0 0 0 0 0 0 0 0 0 0 0 0 0 0 0 0 0 0 0 0 0 44 0 0 0 0 0 93 0 0 0 0 0 0 0 0 0 0 0 0 0 0 0 0 79 0 0 0 0 0 33 0 0 0 0 0 0 72 0 0 0 0 
0 0 0 0 94 0 94 0 0 0 0 27 0 0 0 0 25 0 0 0 0 0 0 65 0 0 0 0 0 0 0 0 0 0 0 0 0 82 0 97 0 0 0 0 0 0 0 0 0 66 0 0 60 0 0 0 0 0 0 0 0 0 0 0 0 0 0 0 0 0 0 0 0 0 0 0 71 0 0 0 0 0 0 0 0 0 0 0 0 0 0 0 0 0 0 0 0 0 0 18 
0 0 0 0 0 0 0 0 0 0 0 56 0 0 0 0 0 0 0 0 0 0 0 0 0 0 0 0 0 0 0 0 0 0 0 0 0 93 0 0 0 56 0 0 0 39 0 0 0 0 0 0 0 53 0 0 0 0 0 0 0 32 0 0 0 0 0 0 0 0 0 0 83 0 53 0 0 0 0 0 0 0 0 97 0 0 0 0 0 0 0 0 0 0 0 0 0 59 0 0 
0 0 0 0 0 0 26 0 0 0 0 0 0 0 0 0 27 0 0 0 0 0 7 0 0 0 0 0 0 0 0 0 0 0 0 0 0 0 0 0 0 0 0 0 0 0 0 0 0 0 9 1 0 0 0 0 0 0 0 0 0 0 0 0 0 0 0 0 0 0 0 0 0 0 42 75 0 0 0 0 0 0 0 0 72 0 0 0 0 0 0 0 0 0 0 0 0 0 0 0 
61 0 0 0 0 0 0 0 0 0 0 0 0 0 0 0 0 0 0 0 0 0 0 0 0 0 0 0 0 0 0 0 0 0 0 0 0 0 0 0 0 10 0 0 0 0 0 0 0 0 0 0 0 0 0 0 0 0 0 0 0 0 0 0 0 0 0 0 0 0 0 0 0 0 0 0 0 0 0 89 0 0 0 14 0 0 0 0 0 0 0 0 0 0 0 0 0 0 0 0 
0 0 0 2 0 0 0 0 0 0 0 23 0 0 0 0 0 0 0 0 0 0 0 0 0 0 0 0 0 0 34 49 0 0 0 0 0 0 0 0 0 0 0 0 0 0 0 0 0 0 0 0 72 0 0 0 0 0 0 0 0 0 0 0 0 0 0 0 0 0 60 0 0 0 9 98 0 0 0 0 0 0 0 0 0 0 0 0 0 0 0 0 3 0 0 0 0 0 0 0 
0 0 0 35 0 0 0 0 100 0 0 0 0 0 20 0 0 0 0 0 3 0 0 0 0 0 0 0 0 0 0 0 0 0 0 0 0 0 0 0 0 0 0 0 0 0 0 0 0 0 0 0 0 0 0 0 0 0 0 0 0 76 0 0 0 0 0 0 86 0 0 46 0 0 0 0 40 0 86 0 0 38 0 0 0 0 0 0 0 0 0 0 0 0 0 0 0 0 0 0 
0 0 0 0 0 0 0 61 0 0 0 0 0 0 0 0 0 2 0 0 0 0 0 0 0 0 0 0 0 0 0 0 0 0 0 0 0 0 0 0 0 0 0 96 0 0 64 0 0 0 0 0 0 0 0 23 0 0 2 0 0 0 0 0 66 43 0 0 0 0 0 0 0 0 0 0 0 38 0 0 0 64 0 0 0 0 0 0 24 0 0 0 0 0 0 0 0 0 0 0 
0 0 0 0 0 0 0 5 0 0 43 0 0 33 0 32 0 0 0 0 0 0 0 0 0 0 0 0 0 0 0 65 0 0 0 0 0 0 67 0 0 0 0 0 0 49 0 57 0 0 0 0 0 0 0 0 0 0 0 0 0 0 0 0 0 0 0 0 2 0 0 0 4 0 0 0 17 60 0 0 0 0 0 0 0 0 0 0 0 0 0 0 11 0 0 0 0 0 0 8 
0 0 0 0 0 0 0 43 0 0 0 0 0 0 0 0 0 0 0 0 0 0 0 0 0 0 53 0 0 0 0 0 0 0 0 31 0 0 3 0 0 0 20 0 0 0 0 0 0 0 0 0 0 0 0 0 0 0 0 0 0 87 0 34 72 0 0 0 0 0 0 0 0 0 0 0 0 0 0 0 23 0 0 0 0 0 0 0 0 0 0 0 73 0 0 69 0 0 0 0 
0 0 0 10 0 0 0 0 0 0 0 0 0 0 0 0 0 0 0 0 62 0 0 0 0 70 0 0 0 0 0 0 0 0 0 0 0 0 0 0 0 0 0 70 0 0 0 0 0 0 0 0 0 0 0 0 0 0 0 0 0 0 0 0 0 0 0 0 0 0 80 0 0 0 0 0 6 0 91 0 0 0 0 0 0 0 0 57 0 27 0 0 0 0 0 0 0 0 0 0 
5 0 0 0 96 0 64 86 0 70 0 0 0 0 90 0 0 0 0 0 0 0 0 0 0 0 0 0 87 0 0 0 0 0 0 0 0 0 1 0 0 0 0 0 0 0 0 0 0 0 0 0 70 0 0 0 0 0 0 73 0 0 0 0 0 0 0 0 0 0 0 0 0 0 0 0 9 0 0 0 0 0 0 0 0 0 0 0 0 0 0 0 0 83 0 0 0 0 0 0 
0 0 0 0 0 95 0 0 0 0 0 0 0 0 0 0 0 0 0 0 0 0 0 0 0 0 0 0 0 0 0 0 0 0 34 0 0 0 0 77 0 0 0 0 27 0 0 0 0 0 0 0 0 0 73 0 0 0 0 0 0 0 0 0 0 0 0 0 0 0 0 0 0 0 0 0 0 0 0 0 0 0 0 0 0 0 0 0 0 0 0 0 76 0 0 0 0 6 0 12 
0 0 0 0 0 0 0 0 0 0 26 0 0 0 0 0 0 0 0 0 0 0 0 0 0 0 97 0 0 0 0 0 1 0 0 96 0 0 0 0 0 0 0 0 0 0 86 0 0 0 0 0 0 0 0 0 0 0 0 0 0 0 0 0 0 0 36 0 0 0 0 0 0 0 0 0 0 0 0 1 0 0 0 0 0 0 0 0 0 0 0 0 0 0 0 0 0 0 0 0 
0 0 0 0 0 0 0 0 0 0 0 0 0 0 0 0 0 0 93 0 0 0 0 0 0 23 61 0 0 0 0 0 0 0 8 0 0 0 0 0 0 0 0 0 97 0 0 0 0 0 5 0 0 0 0 0 0 0 0 0 0 0 0 73 0 0 0 0 60 0 0 0 0 66 0 0 55 0 0 0 0 0 0 0 0 0 0 0 0 0 0 0 0 20 0 0 0 0 56 0 
64 0 71 0 0 0 0 0 0 0 0 0 0 0 5 0 0 0 82 0 0 0 0 0 0 0 0 0 0 0 0 0 0 0 0 0 0 0 97 33 0 0 81 0 0 0 0 0 0 0 0 94 29 0 0 0 0 88 0 0 10 0 0 0 0 0 0 0 0 0 0 60 0 0 0 0 0 0 0 0 0 0 0 0 0 0 0 0 0 0 0 0 0 0 0 0 0 0 0 0 
0 0 0 0 0 24 0 0 0 0 9 4 1 65 0 0 0 0 0 4 0 0 0 0 0 0 0 0 0 0 0 0 0 0 0 0 0 0 0 0 0 0 40 0 0 0 0 0 0 0 0 49 0 0 0 0 0 0 0 0 0 0 3 0 0 0 0 0 0 0 0 0 0 0 0 0 77 0 0 0 0 0 0 0 0 0 0 0 0 0 0 0 0 0 0 0 0 0 0 0 
0 0 0 0 0 0 0 0 0 0 0 0 0 0 0 0 0 0 0 0 0 0 89 13 0 0 0 0 0 25 62 0 0 0 0 0 0 0 0 0 0 0 0 86 0 0 0 68 0 0 0 0 0 0 0 0 0 56 0 0 0 0 0 0 0 0 7 0 98 0 0 0 0 0 0 17 93 0 81 0 56 0 0 0 0 0 0 0 0 0 0 0 0 0 0 0 0 0 0 0 
0 0 67 0 0 0 0 0 0 0 0 0 0 0 26 0 0 0 0 0 0 0 0 0 81 77 0 0 76 0 0 0 0 0 0 0 0 0 0 0 0 0 0 0 0 0 66 0 0 0 0 0 0 0 0 0 0 0 68 0 0 0 0 0 0 0 0 0 0 88 0 0 0 0 62 0 1 0 0 0 0 0 0 21 0 0 0 0 0 0 0 0 0 0 0 0 0 0 0 0 
0 0 0 0 0 0 0 0 0 0 0 34 0 0 0 0 0 0 0 46 0 0 87 0 0 0 0 0 88 0 0 0 42 0 0 0 0 0 0 0 81 0 0 60 0 0 0 0 0 7 0 0 0 0 0 43 0 0 0 0 0 0 0 0 0 0 0 0 0 0 25 0 0 0 0 35 87 0 4 0 0 0 0 0 0 0 0 0 0 0 0 0 0 0 0 0 39 0 0 0 
0 0 0 0 0 0 0 0 0 0 0 0 0 0 0 0 0 0 0 0 0 0 0 0 0 0 0 0 0 0 0 0 0 0 0 0 0 0 0 0 0 0 0 0 72 0 0 0 0 0 0 0 0 0 0 0 0 0 0 0 0 0 0 35 82 0 0 0 0 0 0 88 0 0 0 0 0 9 0 0 0 0 0 21 0 0 0 0 0 0 0 40 0 0 0 0 0 0 0 0 
0 0 0 0 0 0 0 0 80 0 0 93 0 0 0 0 0 0 0 0 34 0 0 0 0 0 37 0 0 0 87 0 0 0 0 0 82 0 0 0 0 0 0 0 0 0 0 0 0 0 0 97 0 0 0 67 0 0 0 0 85 0 0 0 0 0 0 0 0 0 0 0 0 0 0 0 0 0 0 26 0 0 14 0 38 0 0 0 0 0 0 0 0 0 0 0 0 0 0 0 
0 0 0 0 0 0 0 0 0 0 0 0 0 0 0 0 0 0 0 0 0 0 0 55 0 0 0 0 0 0 0 0 0 0 0 0 0 0 0 84 0 0 0 0 0 0 0 0 77 0 0 0 0 0 0 0 0 0 0 0 0 0 6 0 19 0 0 0 0 0 0 0 0 0 0 24 0 22 0 0 0 0 0 0 0 0 25 0 0 0 1 22 0 14 0 0 0 0 0 0 
0 0 0 0 0 25 0 0 0 0 62 0 0 0 0 0 0 0 0 0 63 0 0 0 0 0 0 0 0 0 19 0 0 0 0 0 0 3 0 0 23 0 0 0 0 0 0 0 0 0 0 0 0 36 0 0 0 0 0 37 0 0 0 0 82 0 0 0 0 0 0 0 0 0 0 0 0 0 0 0 0 0 0 0 0 0 0 0 0 0 0 0 16 0 0 0 0 0 0 0 
0 0 0 0 0 0 0 0 0 0 0 0 0 0 0 0 0 0 0 0 0 0 0 0 0 0 42 73 0 0 0 0 0 0 0 91 0 0 0 0 0 0 0 0 0 44 0 69 0 0 0 25 0 61 0 0 0 0 0 0 0 0 79 0 0 0 0 0 0 0 0 0 0 0 0 0 0 0 0 0 0 0 0 0 0 0 0 0 38 0 0 0 0 0 0 0 0 0 0 0 
0 0 39 0 0 0 0 0 0 0 0 0 0 0 0 73 41 0 0 0 0 0 0 0 0 0 0 0 0 0 0 0 0 0 0 0 0 0 0 91 0 99 0 0 0 0 0 0 0 0 58 0 0 0 0 0 0 0 0 44 28 0 0 0 0 0 0 0 0 0 0 0 0 0 0 0 66 100 0 0 0 0 0 0 0 0 0 0 0 0 0 0 0 0 0 0 0 0 0 0 
0 0 0 0 0 64 0 0 78 0 0 0 0 57 0 0 32 0 0 0 0 0 0 0 0 0 0 0 0 0 87 0 0 0 0 0 0 0 0 0 0 0 0 0 0 0 0 0 0 0 0 0 58 0 0 0 45 49 0 0 0 0 0 0 0 92 0 0 0 83 71 0 0 0 0 0 0 0 0 19 0 0 0 0 0 0 39 0 0 0 2 0 43 0 0 0 42 0 0 20 
0 0 0 0 0 0 39 0 0 0 0 0 0 0 0 0 0 0 0 0 0 0 0 0 0 0 0 0 0 0 0 0 0 0 0 29 0 0 0 51 0 0 0 0 0 35 0 0 0 0 0 0 0 0 0 0 0 0 0 0 0 0 0 0 0 0 0 0 0 81 0 0 0 0 0 0 0 0 0 0 0 0 0 0 0 0 0 0 56 0 0 0 0 0 0 0 0 0 0 79 
0 0 0 58 0 58 0 0 0 0 0 0 0 0 0 0 0 0 0 0 0 95 0 0 0 0 0 0 0 0 0 0 0 17 0 0 0 0 0 0 0 30 0 0 0 0 52 0 0 0 0 0 0 0 0 0 0 0 0 0 0 0 0 0 0 0 0 0 0 0 0 0 0 21 0 0 78 0 0 0 0 0 0 0 92 0 4 0 0 0 0 0 0 0 0 0 0 0 31 0 
0 0 0 0 0 0 0 0 0 0 0 0 0 0 0 0 0 0 0 0 0 63 0 0 0 0 0 0 0 0 0 0 0 0 28 0 0 0 0 10 0 0 0 0 0 0 0 80 0 0 0 0 45 0 34 0 0 43 0 0 0 0 0 0 0 0 0 0 0 0 0 0 0 0 55 0 0 0 0 0 0 0 36 0 0 0 0 0 0 0 0 0 0 0 0 0 82 0 0 0 
0 0 0 0 47 0 0 0 0 0 0 0 0 0 0 0 0 0 0 0 0 0 0 0 0 0 0 0 0 0 0 0 0 0 0 0 0 0 0 0 0 0 0 92 0 4 0 0 0 0 0 0 0 0 0 0 0 0 0 0 0 2 0 0 0 0 0 0 0 0 0 0 0 0 0 0 0 0 0 0 0 0 0 0 0 0 0 0 0 17 0 0 15 0 0 0 0 0 0 0 
0 0 0 0 85 0 0 0 0 0 0 0 0 0 0 0 0 0 0 0 0 0 0 0 0 0 0 0 0 0 0 67 61 0 0 0 0 0 0 0 0 0 0 0 0 0 0 0 0 0 0 0 0 0 0 32 0 0 0 0 0 0 0 0 0 0 0 0 0 0 0 0 0 0 0 0 0 67 0 68 0 0 0 0 15 35 0 0 44 72 0 0 0 0 0 0 0 0 0 0 
0 33 0 0 0 0 0 0 0 0 0 0 0 0 0 0 0 0 0 54 0 0 0 0 13 0 0 0 75 0 0 0 0 0 0 0 0 0 0 32 0 61 0 0 0 0 0 28 0 0 0 0 0 0 0 0 0 0 0 0 0 0 0 0 61 0 0 0 0 7 0 0 0 0 0 7 0 0 0 0 0 21 0 0 88 0 0 0 0 0 0 0 0 0 0 0 0 0 0 0 
0 0 0 0 0 78 0 0 0 0 0 0 0 0 0 30 0 0 0 0 0 0 17 0 0 0 0 0 0 0 0 0 0 0 0 0 0 0 0 0 0 0 0 0 0 0 0 0 0 0 0 0 0 0 0 0 0 0 0 0 0 0 0 0 0 0 0 0 0 0 0 0 0 0 0 60 0 0 0 0 0 0 0 19 0 0 0 0 0 7 0 0 0 0 0 0 0 0 0 0 
0 0 0 0 0 0 0 0 0 0 0 0 0 0 0 0 0 0 0 0 0 0 0 0 0 0 0 40 0 0 0 0 0 0 0 0 0 62 0 0 0 0 0 0 0 0 31 4 61 0 0 0 0 0 0 0 0 0 0 0 0 0 0 0 0 46 0 0 0 0 0 0 0 0 0 0 0 0 0 0 0 0 0 0 0 0 0 0 0 0 0 52 0 0 0 0 0 0 0 0 
0 31 0 0 0 0 0 0 0 0 0 0 0 0 0 0 0 0 0 0 0 0 0 0 0 0 68 0 0 0 0 0 0 0 0 0 0 0 0 0 98 0 0 0 0 0 0 0 0 0 0 0 0 0 0 0 0 0 88 0 0 0 0 0 0 0 0 0 0 0 0 0 0 0 0 0 0 0 0 50 0 0 0 0 0 0 0 0 0 0 0 0 0 0 0 0 85 50 24 0 
0 0 0 0 0 0 0 40 0 0 0 0 0 0 0 0 0 0 0 33 0 0 0 43 0 0 0 0 0 0 0 0 0 0 0 0 0 0 0 0 0 0 0 0 0 0 0 0 0 83 0 0 0 0 7 0 0 0 0 0 91 0 0 0 0 0 0 0 0 21 0 0 0 38 0 0 58 0 82 0 0 0 0 0 0 0 0 0 0 0 52 0 0 0 0 95 0 0 0 94 
88 0 0 0 0 0 0 0 0 0 0 0 0 0 0 0 0 0 0 0 0 0 0 80 0 0 5 0 61 0 0 0 0 0 0 0 0 87 0 0 0 0 11 0 0 0 0 0 0 0 0 0 0 0 0 0 0 0 0 0 0 0 0 0 0 0 43 0 23 0 0 0 40 0 44 0 0 0 0 0 0 0 0 0 0 0 0 0 0 0 98 0 0 0 77 0 0 79 0 0 
0 86 0 0 0 0 0 0 0 0 0 0 0 0 0 0 0 0 0 15 0 0 0 0 0 0 0 0 0 0 0 0 0 0 0 0 94 0 0 0 0 0 0 0 0 0 0 0 0 0 0 0 0 0 0 0 0 0 0 0 0 0 0 0 0 0 0 93 0 0 0 0 0 52 0 0 0 0 0 0 77 0 0 0 0 0 0 0 0 0 0 0 0 0 0 0 0 42 0 0 
0 0 24 0 0 0 0 0 0 0 0 0 37 0 0 0 0 0 0 0 0 0 0 0 0 0 0 0 0 0 0 0 0 0 0 0 0 0 0 0 0 0 0 0 0 65 0 0 0 0 0 0 0 0 19 0 0 0 0 0 0 0 0 0 0 0 0 0 0 0 0 0 37 78 0 0 0 0 0 33 0 0 0 0 0 0 0 100 0 0 0 0 0 0 0 0 0 0 0 0 
0 0 0 0 87 0 0 0 0 0 0 0 0 0 0 0 0 0 0 0 0 0 0 0 0 0 0 0 0 0 0 0 83 0 0 0 0 78 0 0 0 0 0 0 0 0 0 0 0 0 0 0 0 0 0 0 0 0 0 58 0 0 0 0 0 0 0 0 0 0 28 0 0 0 0 0 0 0 0 0 0 66 0 0 0 0 0 0 0 0 0 0 37 0 0 0 0 0 0 0 
0 0 0 0 0 0 0 0 0 0 40 97 0 0 0 0 34 0 0 0 0 0 0 0 0 0 0 0 0 0 0 0 0 0 0 0 0 9 0 0 0 0 0 0 0 0 0 40 0 0 0 0 0 0 0 0 0 97 0 35 0 48 0 0 0 0 15 0 0 0 0 0 0 0 0 0 0 0 24 0 0 0 93 0 0 0 0 0 0 0 49 0 0 0 0 0 0 0 0 0 
0 0 0 0 0 0 44 0 0 0 0 0 0 0 0 0 47 0 0 0 0 0 0 0 0 0 0 0 0 0 0 0 0 0 0 0 0 0 0 0 4 0 0 0 62 0 0 55 0 0 0 0 0 0 0 0 0 0 64 0 0 0 0 0 0 26 0 0 0 0 0 0 0 29 41 0 0 0 0 64 0 0 0 0 0 0 100 0 0 0 0 0 0 0 0 0 0 0 0 0 
50 0 89 0 0 0 0 0 0 0 0 0 0 0 0 0 0 0 0 0 0 0 0 0 0 0 0 0 0 0 0 0 0 0 0 0 0 0 46 0 43 90 0 34 0 0 0 0 25 0 0 0 0 0 0 33 0 0 0 61 0 0 0 0 81 0 0 0 0 22 60 0 0 34 0 0 0 0 0 0 0 0 0 0 0 0 0 0 0 0 0 0 0 0 0 0 0 0 0 0 
0 0 0 0 0 0 0 0 0 0 0 0 0 0 0 0 0 0 0 0 0 0 0 0 0 0 0 0 0 0 0 0 0 0 0 0 0 0 0 0 0 0 0 0 0 0 0 0 0 9 0 0 0 0 0 0 0 0 0 0 0 44 0 0 0 0 0 0 0 0 0 0 0 0 0 0 0 0 12 0 0 0 0 0 0 0 0 0 0 0 0 0 0 0 0 93 0 0 37 0 
0 0 0 0 0 0 0 0 0 0 0 0 0 0 0 41 0 0 0 0 0 0 0 0 0 0 0 0 0 0 0 0 0 0 0 0 0 0 0 0 0 0 4 0 0 0 72 0 0 0 0 0 0 0 0 0 0 0 0 0 0 0 0 0 0 0 0 0 0 0 0 0 0 0 0 0 0 0 0 0 0 0 0 0 97 0 0 0 0 0 0 0 0 0 0 0 0 0 0 0 
0 0 0 0 0 0 0 99 0 0 98 0 0 0 10 0 0 0 0 0 0 0 0 0 0 0 0 0 0 0 0 0 28 0 0 0 0 0 0 0 0 0 0 0 0 0 0 0 48 0 0 0 0 0 0 0 0 0 0 0 0 0 0 0 0 0 0 10 0 0 89 0 13 0 0 0 0 0 0 0 0 0 0 0 0 0 0 0 76 85 0 0 0 0 0 0 0 0 0 0 
0 0 0 0 17 0 0 0 0 0 0 0 0 0 0 61 0 0 0 0 0 0 0 0 0 0 0 0 0 0 0 0 0 0 0 0 0 0 0 0 0 0 0 0 0 0 0 0 0 0 91 0 0 0 0 0 0 0 0 0 0 0 0 0 0 0 0 0 0 0 0 0 0 0 0 0 0 0 0 0 0 0 0 69 0 0 0 19 0 0 0 0 0 0 41 0 0 0 0 0 
0 0 0 0 0 0 0 0 0 0 0 0 0 0 0 0 0 0 0 0 0 0 0 0 0 0 0 96 0 0 0 95 0 0 0 0 0 0 0 0 0 0 14 0 0 0 0 0 0 87 0 0 0 64 0 0 0 0 80 0 0 0 0 0 34 0 0 0 0 0 26 0 0 0 0 0 0 0 27 0 0 0 0 0 0 0 0 48 0 0 0 0 0 0 0 0 0 0 0 0 
0 0 0 0 0 0 0 0 0 0 0 0 0 0 0 0 44 0 0 0 0 0 0 23 0 0 0 0 0 52 0 0 0 0 0 0 0 0 22 0 0 0 0 0 0 0 0 0 0 0 0 0 0 95 0 40 0 0 0 3 27 0 0 0 0 0 0 23 0 0 0 0 0 30 0 0 0 0 0 0 67 0 67 5 0 0 67 0 0 0 32 0 0 0 0 0 0 0 26 0 
0 0 0 0 0 0 0 0 0 0 0 0 0 0 0 0 0 0 0 0 85 0 0 0 0 0 0 0 0 0 0 9 0 0 0 0 0 40 33 0 0 0 0 0 0 0 0 65 0 0 0 12 0 0 0 0 31 0 0 0 0 0 42 0 0 0 0 0 0 0 0 0 0 0 87 0 0 73 0 0 0 30 0 0 0 0 0 0 0 100 0 0 0 0 0 0 0 0 0 0 
0 0 0 0 0 0 0 0 0 0 0 0 0 0 0 0 0 0 0 0 0 0 0 0 0 0 0 0 0 0 0 0 0 0 0 0 29 0 0 0 0 0 0 0 0 0 0 58 0 0 0 0 0 0 23 98 0 0 0 0 0 0 0 0 0 0 0 0 0 0 0 24 0 0 0 46 0 35 0 0 0 0 0 0 0 0 0 0 0 0 0 0 0 0 0 62 97 0 0 0 
22 0 0 75 0 0 0 0 0 0 0 0 0 0 0 0 0 0 0 0 0 0 0 0 45 0 0 0 0 11 0 0 0 0 0 0 0 0 0 33 73 57 0 0 0 0 81 33 0 0 0 0 0 9 0 46 0 0 0 57 0 0 0 54 0 0 0 0 0 0 0 0 0 0 0 0 0 26 0 0 0 0 0 31 0 0 29 0 0 0 0 0 0 0 0 0 0 0 0 72 
0 0 20 0 0 0 0 0 0 0 32 0 0 0 97 73 0 0 0 0 95 0 0 0 0 0 0 0 0 0 0 0 74 0 0 0 0 0 0 0 0 0 21 0 0 0 0 0 0 0 0 0 0 0 0 0 83 0 0 41 0 0 0 0 0 0 0 0 0 0 0 0 0 0 0 0 0 0 0 0 0 0 0 0 0 0 0 0 0 0 0 0 0 0 0 0 0 0 0 0 
0 50 0 0 0 0 0 0 0 0 0 0 0 0 0 0 0 82 0 0 0 0 0 0 0 0 22 0 19 0 0 0 0 0 0 0 0 0 0 0 0 0 0 0 0 0 0 0 0 0 0 0 0 0 0 0 0 0 0 0 0 0 0 0 0 0 48 0 0 15 0 0 0 0 0 0 0 0 0 0 0 0 0 0 0 0 0 98 0 0 0 0 0 0 0 0 0 0 0 0 
0 0 0 0 0 0 0 0 0 0 0 0 0 0 0 0 90 0 69 0 0 28 0 0 0 0 0 0 0 0 0 69 0 0 0 57 0 18 0 0 0 0 92 0 0 98 0 92 0 0 0 0 0 0 0 0 0 86 0 0 0 33 0 0 0 50 0 0 0 0 0 0 0 0 0 0 0 0 0 0 0 0 0 0 0 0 0 0 0 0 0 0 0 0 0 0 0 0 5 0 
0 0 0 0 0 0 0 0 74 0 0 0 0 0 0 0 0 0 0 0 0 0 0 0 0 0 0 0 83 0 0 0 79 0 0 0 0 0 0 0 0 0 0 0 0 0 0 60 0 0 0 0 38 0 0 0 0 0 0 0 0 0 0 0 95 0 0 0 0 0 43 0 0 0 0 0 0 0 0 0 0 0 0 0 0 0 0 0 0 0 0 0 0 0 0 0 0 0 0 0 
18 0 57 0 0 0 0 0 0 0 0 0 0 0 0 0 24 0 0 49 0 0 0 0 0 0 0 79 0 0 0 0 0 0 0 0 0 0 73 0 0 0 0 0 0 0 0 0 0 0 0 0 0 0 0 0 0 0 0 0 0 0 0 60 0 0 73 0 0 0 0 0 0 0 0 0 0 0 0 0 0 0 80 0 0 0 0 0 0 0 0 0 0 0 0 0 0 0 0 0 
0 0 100 0 97 0 0 0 0 0 0 41 0 0 0 0 43 0 0 0 0 0 0 0 95 0 0 0 0 0 0 0 0 0 0 29 0 0 0 0 0 0 0 61 0 0 53 70 0 0 0 0 0 0 0 0 0 0 0 0 0 75 0 0 0 0 0 0 0 0 0 0 0 0 0 0 0 0 0 0 0 47 0 0 0 0 43 0 0 0 0 0 0 0 0 0 0 0 0 0 
0 0 0 0 0 0 0 0 0 0 0 0 0 0 0 0 0 0 4 0 0 0 30 0 0 0 46 0 0 0 0 0 0 0 3 0 66 0 0 0 0 0 32 72 0 0 0 0 64 0 0 0 0 0 0 0 0 0 0 0 0 0 0 0 0 0 0 0 0 0 0 0 0 0 60 0 0 0 0 0 0 0 0 0 0 0 0 0 0 0 0 0 0 0 0 0 0 0 4 0 
0 0 0 0 0 0 0 0 0 0 0 0 0 0 0 0 0 0 0 0 0 0 0 0 0 0 0 0 68 0 0 0 0 0 0 0 0 0 0 0 0 0 16 0 0 0 0 0 0 0 0 0 0 0 0 0 0 0 0 0 0 0 0 0 0 0 0 0 0 0 0 0 0 1 0 0 0 0 0 0 0 0 0 0 0 0 0 0 0 61 0 0 0 0 0 0 0 0 0 0 
0 0 0 0 0 0 75 0 0 0 0 0 0 0 0 53 0 0 0 0 0 87 0 0 0 0 0 0 0 0 0 34 0 0 0 0 0 0 0 0 0 0 0 0 0 32 0 0 0 0 0 0 0 0 0 0 0 0 0 0 0 0 0 4 0 0 0 0 0 0 0 0 31 0 0 0 0 0 0 0 0 0 0 0 0 55 0 0 0 0 0 0 0 0 0 0 0 0 23 0 
0 0 0 0 0 0 0 0 85 0 0 0 0 0 0 0 0 0 0 0 83 0 0 0 46 0 0 65 0 0 0 0 0 0 0 0 0 0 14 0 0 0 0 0 0 0 0 0 0 0 0 0 0 92 0 0 58 0 0 16 36 0 48 0 0 0 79 0 0 0 0 0 0 0 0 0 0 0 0 0 58 0 0 0 0 0 0 0 0 4 0 0 0 21 0 0 19 0 0 87 
0 0 5 0 0 0 0 0 100 7 0 0 0 0 0 0 0 0 0 77 0 0 0 0 0 37 0 0 0 0 0 0 0 0 0 0 80 0 0 0 0 0 35 0 0 0 0 0 0 0 0 0 0 0 0 0 81 0 0 0 19 74 0 0 0 0 0 0 0 0 0 36 0 0 0 0 0 48 0 0 0 0 0 0 0 0 0 0 0 0 0 74 0 0 0 0 0 0 0 0 
0 0 9 0 0 0 0 0 0 0 0 0 0 29 72 0 0 40 0 0 0 0 0 0 0 0 0 0 0 0 0 0 0 0 0 0 0 0 0 0 55 0 0 0 71 0 0 0 0 0 0 0 0 5 0 0 0 0 0 0 0 0 0 0 0 29 0 0 0 0 0 73 0 0 0 0 0 0 0 30 0 0 0 0 63 0 0 0 0 0 0 0 0 0 0 0 0 0 0 0 
49 0 0 0 0 0 0 0 27 0 0 0 0 0 85 0 67 0 0 0 0 0 0 0 0 0 0 0 0 0 0 0 65 0 0 0 0 0 16 0 0 0 0 32 0 0 0 0 0 16 89 0 0 0 0 0 0 0 0 0 0 0 0 0 0 0 0 0 0 0 0 0 0 0 90 0 0 0 0 0 0 0 0 0 0 0 0 0 0 0 0 0 0 0 0 0 0 0 0 0 
0 0 0 0 0 0 0 0 42 0 0 0 0 86 0 0 0 0 76 0 0 0 0 0 0 0 0 0 0 0 0 0 0 0 0 0 0 0 0 0 0 0 0 0 0 0 0 0 0 0 0 0 0 0 0 33 0 0 0 0 0 0 0 0 0 0 0 0 0 0 0 0 0 0 44 0 0 0 0 0 0 0 0 0 0 0 0 0 0 0 10 0 0 0 0 0 0 0 0 0 
71 0 0 0 0 0 0 0 0 0 57 0 86 0 0 0 0 0 71 0 0 49 95 0 0 0 0 67 0 0 0 0 0 0 0 36 0 78 0 0 0 0 0 0 0 0 0 0 0 0 0 0 88 0 0 0 0 0 0 0 0 75 0 0 0 0 0 0 0 0 0 5 0 0 0 0 0 9 0 0 0 0 0 6 0 0 0 0 0 0 0 26 0 0 0 0 0 0 0 0 
0 0 0 0 0 0 0 0 0 0 70 0 0 0 0 0 0 0 0 0 0 0 0 0 0 0 0 0 0 0 0 0 0 0 0 0 0 0 0 0 0 0 71 0 0 0 87 0 0 0 0 0 4 75 24 0 0 0 0 0 0 0 0 0 0 0 0 0 0 0 22 0 0 0 0 0 0 0 0 0 0 0 0 0 0 0 0 0 0 0 0 0 0 0 0 0 0 32 0 0 
0 0 0 89 0 0 0 0 26 0 0 0 0 0 0 0 0 0 0 0 33 86 0 0 0 10 0 0 0 0 0 0 0 0 11 0 0 0 0 38 0 0 0 0 0 0 66 0 0 0 0 0 0 0 0 0 12 0 0 0 0 0 0 0 0 0 0 0 0 0 0 0 0 0 0 0 0 0 0 0 0 0 0 0 0 0 0 0 0 0 0 0 0 0 0 0 0 0 0 0 
0 0 0 0 0 0 0 0 0 0 0 0 0 0 0 0 0 0 33 0 0 0 0 0 0 0 0 0 0 0 0 0 0 0 0 0 0 0 0 0 0 0 0 0 0 0 0 0 55 82 0 0 0 0 0 84 0 0 12 95 0 0 0 0 84 0 0 0 0 0 0 0 0 0 0 0 0 30 0 0 0 0 0 0 0 0 0 71 0 59 0 0 0 0 0 0 0 0 0 0 
0 0 0 76 0 0 0 0 0 0 0 0 0 0 0 12 0 0 0 0 0 0 0 0 0 0 0 0 0 0 0 0 0 0 0 0 0 0 0 0 0 0 0 0 0 0 63 0 0 16 0 0 0 0 0 0 0 0 0 0 0 0 0 0 0 0 0 0 0 0 0 0 0 0 0 0 0 0 0 0 0 0 0 0 0 0 0 0 0 0 0 34 0 0 0 0 0 0 0 0 
0 0 0 0 41 7 61 0 0 0 0 0 0 0 0 0 0 0 0 0 75 0 0 60 0 17 0 0 0 0 0 0 0 0 0 0 0 0 0 0 0 0 0 0 0 0 0 0 0 0 0 0 0 0 81 0 70 0 2 0 0 0 0 0 85 0 0 0 0 0 0 0 38 25 0 0 0 1 0 0 0 0 0 0 0 0 21 0 0 0 0 0 0 0 0 0 0 0 96 98 
0 0 0 0 0 0 81 0 0 0 0 0 0 0 0 0 0 0 70 0 0 0 0 24 0 0 0 0 0 0 0 0 70 40 13 0 0 0 0 0 0 0 0 0 0 0 0 65 0 100 0 0 0 0 0 0 0 0 0 0 0 0 0 0 53 0 0 0 0 0 0 0 0 0 0 0 0 0 0 0 0 0 0 0 0 0 0 0 0 0 0 48 0 0 0 0 0 0 89 0 
0 0 0 0 0 87 11 0 0 0 0 0 0 59 0 0 0 0 0 0 0 0 0 0 86 2 0 0 0 0 0 0 0 0 0 0 0 0 0 81 0 0 0 0 0 0 0 0 0 0 0 0 0 0 0 0 0 0 0 0 0 0 0 0 0 0 0 0 0 0 0 0 0 0 0 0 70 0 0 0 0 0 0 0 0 0 0 0 70 0 0 0 83 0 0 0 0 0 0 0 
0 0 0 0 0 0 0 0 0 0 0 0 0 0 0 76 0 0 0 0 0 0 0 0 0 0 0 0 0 80 0 0 8 0 0 0 0 0 0 0 0 0 0 0 0 0 0 0 0 0 0 0 0 0 0 74 0 0 0 0 0 80 0 91 0 0 0 0 0 0 0 0 0 0 0 0 0 0 0 58 0 0 0 0 0 0 0 38 0 0 0 0 0 0 0 0 2 0 0 0 
0 0 0 0 0 0 82 0 0 77 0 0 0 0 0 0 0 0 0 0 0 0 0 21 0 0 0 0 0 0 0 0 0 0 0 0 0 0 0 0 0 0 0 0 0 0 0 0 0 0 0 0 0 0 0 0 0 0 0 0 0 0 0 0 0 0 0 0 0 0 0 0 52 0 96 0 0 63 0 0 0 0 12 0 0 31 0 0 0 0 0 0 45 79 0 0 0 0 0 0 
0 0 42 0 0 0 12 0 0 0 0 26 0 0 0 0 0 0 0 0 0 60 0 0 0 0 0 0 0 0 0 0 0 0 0 0 0 0 0 0 0 0 0 51 0 0 0 40 0 0 0 0 0 0 0 0 0 0 0 0 0 0 0 0 0 0 0 0 0 0 0 0 0 0 0 11 0 0 0 0 0 0 0 0 0 0 0 0 0 34 0 0 0 0 0 0 0 0 0 0 
