100 100
92 11 22 14 0 35 92 55 9 1 80 71 11 0 58 59 0 88 47 7 68 76 89 7 92 35 0 59 2 45 37 15 99 1 67 30 40 95 0 33 20 0 0 70 85 8 33 50 44 88 40 0 79 53 9 24 6 0 13 15 41 18 57 31 5 0 0 0 23 0 88 0 100 13 21 74 82 25 54 0 4 11 27 14 74 71 0 56 94 0 10 47 0 83 28 29 57 23 12 79 
83 17 87 61 82 6 91 29 11 27 94 0 77 84 47 57 7 70 62 38 44 16 0 5 0 8 40 95 12 32 65 3 0 46 45 3 37 25 0 61 70 15 55 0 0 89 65 37 0 25 1 48 35 60 42 25 69 24 4 79 41 0 99 95 0 60 15 47 92 1 83 61 25 0 36 19 7 40 78 77 51 8 0 41 45 0 2 39 21 44 0 16 0 13 67 0 0 84 75 0 
13 84 0 16 44 3 84 0 7 87 80 50 79 16 74 57 65 0 0 27 21 76 6 0 67 45 79 28 58 28 0 66 0 18 43 69 49 52 0 32 0 21 58 20 56 59 0 38 99 0 0 58 66 84 51 20 0 96 10 0 81 0 39 8 15 13 90 23 0 66 9 0 75 59 35 63 19 83 3 89 10 10 2 83 0 57 77 0 0 12 27 42 44 100 0 28 87 57 0 2 
34 36 61 0 58 33 58 0 77 0 97 3 0 43 14 0 61 2 71 65 0 35 58 94 0 81 13 67 86 0 0 100 97 20 0 85 65 48 82 40 98 53 8 55 27 84 37 24 41 82 92 90 97 46 60 56 3 3 30 99 0 80 82 67 66 60 0 0 82 0 0 51 70 26 45 31 48 90 10 21 0 55 9 3 93 94 34 77 84 44 41 53 0 3 0 44 49 0 98 1 
93 30 2 30 86 11 78 71 27 65 0 49 24 8 0 75 0 0 78 0 0 0 26 2 39 22 43 0 98 13 87 36 87 71 9 0 91 90 59 42 5 93 21 57 87 10 60 16 44 0 85 32 50 0 76 99 43 36 70 0 36 81 73 41 32 0 80 72 70 30 67 17 22 14 0 78 85 17 64 0 76 0 18 28 22 0 37 41 46 11 65 0 0 43 0 0 0 24 94 0 
73 16 1 0 58 38 61 67 0 70 97 0 5 26 73 0 42 31 0 65 28 3 82 33 42 77 0 25 22 87 0 58 69 3 0 94 78 37 11 67 72 0 89 54 81 35 64 95 61 84 25 90 53 0 0 65 75 59 0 0 6 72 93 73 16 53 0 0 75 93 0 65 0 91 33 75 95 69 16 32 0 61 72 91 80 10 1 0 74 32 78 71 0 12 45 94 72 18 0 37 
24 20 23 91 2 51 85 48 67 28 0 0 22 14 11 29 25 47 92 23 89 73 34 53 56 0 91 28 0 86 97 0 0 67 49 0 5 11 0 7 0 44 12 21 0 95 4 19 31 58 87 38 61 0 56 11 0 4 2 16 51 87 28 0 59 30 13 71 50 52 94 8 12 54 50 27 76 14 73 0 0 59 92 36 72 64 7 4 0 12 92 8 66 52 67 90 50 86 17 20 
49 41 55 9 16 0 0 16 16 98 50 46 0 40 30 91 18 74 66 64 38 9 96 26 16 16 12 85 15 0 66 0 16 89 62 0 59 63 5 47 31 48 44 29 77 1 70 67 56 86 87 5 83 72 92 97 51 87 17 98 60 69 48 0 0 74 76 60 90 0 43 0 72 4 16 11 31 42 10 8 56 22 72 42 54 38 0 0 47 43 75 71 44 67 80 28 64 68 0 34 
76 13 28 12 23 36 68 20 48 43 98 16 81 3 67 5 0 48 0 10 59 77 95 65 92 74 0 0 19 30 94 71 0 43 0 32 0 0 98 34 24 45 0 0 94 18 97 80 91 98 57 14 85 15 57 80 4 46 33 0 65 0 5 85 81 37 97 99 0 89 8 0 54 30 61 0 32 22 77 0 32 0 0 98 44 22 10 6 0 47 17 58 0 55 11 18 78 4 83 88 
0 62 97 15 49 85 27 56 90 76 0 62 20 43 0 98 36 15 19 31 64 42 32 0 25 0 38 87 11 45 67 24 54 0 0 21 63 58 87 0 4 37 59 52 8 0 70 0 0 0 6 0 4 48 46 53 0 50 0 10 35 0 11 0 50 55 0 25 57 80 89 43 72 34 65 73 0 73 35 17 10 52 88 85 0 0 30 51 0 74 80 79 27 80 90 39 93 62 88 39 
0 94 28 76 78 91 53 88 0 96 62 25 55 0 0 25 12 92 0 5 75 16 0 35 52 100 38 6 49 34 92 88 96 48 70 44 7 36 69 0 22 0 0 98 16 70 95 28 10 12 52 80 84 6 74 58 43 0 33 2 13 89 1 43 72 46 0 36 0 51 73 71 17 42 89 0 6 0 8 74 44 30 0 43 16 74 52 19 0 93 59 50 64 38 68 0 100 0 41 6 
75 68 0 0 87 35 34 84 67 0 29 0 78 76 31 0 79 0 3 17 96 0 97 77 78 43 67 15 82 0 100 69 0 41 0 86 93 0 0 56 75 0 0 0 11 49 0 11 44 50 0 98 99 17 83 80 45 91 9 21 95 22 68 73 63 27 75 69 0 66 0 46 77 77 65 0 55 0 70 47 97 55 44 49 99 43 43 99 35 35 20 68 73 4 45 46 84 0 60 10 
75 84 87 0 36 81 38 57 0 61 74 65 0 87 30 73 73 10 88 63 16 58 16 27 49 93 62 98 0 100 80 0 50 32 0 19 38 85 66 40 5 20 92 26 76 15 15 18 0 98 8 0 50 37 0 86 7 40 95 90 0 4 0 0 35 90 70 89 74 74 43 69 3 54 82 16 57 49 89 66 88 57 0 20 34 42 16 88 18 10 86 63 56 94 70 15 89 59 44 0 
68 40 42 37 51 78 7 94 41 0 59 32 80 32 0 0 98 0 71 74 0 97 79 0 9 0 67 40 62 84 45 65 51 0 2 1 72 52 24 62 0 88 13 69 82 0 0 63 54 75 44 59 25 31 30 16 41 0 0 82 68 0 57 97 80 23 65 0 74 0 12 70 71 59 30 30 0 7 5 44 92 69 67 39 49 89 85 27 57 9 14 39 0 29 48 33 0 90 78 0 
15 8 0 26 90 35 59 46 47 48 79 15 48 66 0 17 1 52 35 41 4 86 98 24 80 47 0 74 0 54 15 87 85 24 82 0 39 0 63 0 45 38 8 0 60 34 31 65 95 23 30 20 68 67 0 1 57 12 0 0 20 100 69 0 21 0 33 0 0 0 69 0 21 77 81 70 60 8 64 40 0 60 79 8 80 59 67 0 68 10 4 0 90 14 10 54 6 3 32 71 
74 1 69 38 24 0 47 91 0 40 0 97 61 53 0 65 25 0 0 0 0 41 64 66 0 52 0 30 13 90 69 70 5 0 91 86 40 0 48 6 65 60 99 54 67 44 39 62 5 88 2 99 33 0 83 0 99 42 94 43 20 99 57 0 90 48 18 0 0 69 14 89 22 59 19 36 0 48 24 0 0 93 34 98 0 75 81 40 0 59 76 47 84 37 34 56 67 74 0 42 
0 35 18 57 23 87 0 81 29 17 13 34 90 10 0 0 88 23 25 17 57 79 67 88 0 75 92 0 93 63 84 65 76 50 24 11 0 0 87 38 0 94 71 97 65 80 48 0 77 11 29 44 73 48 28 86 11 0 71 25 84 0 69 6 69 45 57 60 20 26 46 22 16 0 28 25 47 10 36 70 16 0 95 39 41 34 98 35 0 80 90 97 71 34 99 27 93 62 29 87 
0 71 25 24 61 67 52 25 59 85 88 99 9 96 0 100 47 0 83 63 3 53 0 0 0 67 52 4 30 81 24 79 84 80 24 77 20 40 62 33 0 14 7 70 0 6 0 41 26 84 61 0 0 52 34 0 8 34 0 50 0 0 99 56 45 52 40 63 3 29 76 23 8 82 1 19 71 59 0 75 91 58 8 88 0 35 87 35 0 98 50 21 26 37 26 0 0 0 30 42 
54 0 96 0 71 0 67 65 38 39 0 49 89 0 0 46 35 22 0 54 46 82 47 36 0 61 100 38 32 2 87 78 16 0 0 3 35 62 51 89 44 13 75 0 61 52 78 24 0 61 49 23 90 20 43 0 0 93 6 40 0 66 7 3 80 0 32 22 50 50 62 0 0 56 99 1 0 27 87 20 83 71 56 79 61 53 90 1 0 83 0 48 47 33 83 12 19 68 90 15 
0 61 70 34 51 95 67 23 79 52 97 68 39 60 87 0 0 59 52 63 78 85 24 46 0 14 98 0 16 10 37 38 0 56 16 71 24 0 84 99 18 56 48 0 20 91 0 22 46 98 17 23 88 65 28 86 12 86 100 0 76 60 80 41 0 92 87 62 0 46 68 97 60 53 54 15 97 20 69 94 47 55 9 11 1 99 65 0 11 59 64 95 23 0 79 0 0 0 0 40 
20 0 2 98 89 91 0 9 26 75 97 75 0 9 55 0 0 89 37 83 26 20 0 13 18 49 0 30 67 92 40 0 17 0 37 81 72 0 67 51 0 0 0 65 64 6 70 31 89 89 71 92 43 90 63 40 88 82 6 76 0 53 64 13 22 0 0 78 50 0 0 76 60 17 12 0 73 74 93 40 0 21 84 59 62 55 72 6 93 0 79 74 18 42 98 50 49 74 0 0 
41 46 9 72 1 87 33 48 37 22 29 0 95 88 67 74 40 9 33 79 0 21 99 63 0 99 0 98 25 15 83 0 30 68 49 100 18 79 0 89 0 62 72 58 60 73 99 61 24 36 78 12 44 36 17 4 91 44 21 89 90 27 44 49 1 26 91 90 0 59 50 15 66 89 6 23 79 0 68 37 80 67 0 0 48 90 83 100 41 0 41 67 32 37 61 17 32 0 0 95 
62 45 0 0 0 23 48 34 13 0 34 18 52 56 84 39 33 0 66 81 98 28 27 14 99 0 60 12 45 97 73 90 76 5 15 16 61 11 1 58 0 18 91 0 0 77 44 69 31 0 26 38 85 62 26 75 0 19 3 64 0 0 5 1 16 56 79 0 3 60 0 56 93 34 0 28 51 90 4 41 5 1 20 79 0 22 12 96 75 0 87 0 56 6 0 15 87 40 0 4 
0 78 0 72 1 0 62 50 40 0 57 70 39 35 87 0 16 1 62 90 39 85 27 85 27 0 32 0 10 55 68 0 36 36 89 81 92 87 82 0 38 0 57 74 73 14 10 0 0 12 76 100 70 28 36 47 0 68 37 0 74 15 76 0 83 90 33 0 42 57 70 99 10 84 7 20 65 89 30 12 12 0 39 73 92 56 0 70 32 0 97 15 21 57 0 13 42 75 0 0 
15 40 21 35 48 98 56 22 0 84 0 30 84 63 53 9 89 0 90 18 78 98 98 16 100 47 0 63 45 0 0 9 17 34 45 0 30 44 42 0 20 33 1 21 89 0 36 8 52 8 6 36 17 91 91 87 6 0 98 40 48 23 10 90 55 0 32 47 78 98 30 13 66 0 0 42 0 29 81 68 34 4 97 63 87 83 1 18 0 80 3 10 0 28 59 1 0 68 93 42 
34 0 98 87 50 73 0 19 98 95 89 0 57 7 64 0 38 69 48 43 61 83 63 1 14 85 0 87 50 27 91 13 44 48 75 36 96 72 3 64 9 75 78 61 49 8 0 64 28 81 70 88 0 26 77 96 8 0 8 14 100 94 0 67 42 48 0 20 68 14 73 0 33 45 82 89 29 90 73 33 0 33 9 85 6 0 53 56 65 5 67 82 21 59 22 0 0 0 0 30 
59 85 15 100 99 54 84 0 58 0 33 2 45 99 77 13 21 15 50 10 0 32 32 72 30 3 7 22 42 98 38 0 45 98 0 89 0 72 61 0 38 0 28 78 88 0 84 98 84 0 80 1 29 23 0 3 0 85 39 0 66 93 13 71 99 62 0 61 4 18 41 0 0 33 58 34 27 87 0 10 18 0 50 97 46 92 15 44 29 13 60 25 2 9 36 60 20 90 46 20 
82 0 98 92 11 0 19 0 88 19 0 14 0 47 79 90 0 0 43 73 36 34 57 62 5 8 86 11 93 36 23 91 23 32 2 67 63 70 22 89 0 0 66 80 19 15 44 94 79 1 0 6 7 82 61 89 38 0 43 0 9 19 67 15 22 77 20 0 0 0 73 100 0 22 0 76 3 2 59 64 86 56 29 84 0 12 45 3 48 28 11 9 58 48 68 31 49 93 25 8 
17 17 42 48 0 18 91 54 69 14 50 27 3 41 90 42 50 59 28 86 0 75 37 74 0 67 66 76 59 38 50 50 54 55 75 31 67 36 69 36 98 52 39 0 89 58 35 26 17 8 35 95 49 0 47 65 66 1 0 48 0 32 0 0 41 27 7 72 0 13 0 0 88 0 57 86 83 88 80 52 42 4 0 75 31 0 67 96 8 42 11 0 42 74 43 48 52 86 11 77 
72 33 62 12 32 29 46 31 12 18 82 55 25 31 82 45 17 0 73 31 94 74 0 49 33 29 0 97 67 68 78 17 45 10 71 38 0 98 0 31 74 60 27 12 0 54 22 73 0 69 41 31 13 14 45 42 53 56 85 60 51 45 0 14 0 0 81 81 50 0 87 0 3 31 25 97 24 17 0 0 70 28 45 66 0 11 85 0 12 17 72 0 0 92 23 0 51 86 27 35 
96 67 40 7 83 33 34 76 35 0 20 50 49 26 1 19 30 41 0 16 0 74 82 82 22 44 69 70 31 49 41 70 38 92 13 0 0 60 0 0 0 42 13 36 54 22 82 0 0 0 75 0 40 67 52 97 55 70 84 0 0 84 0 32 65 99 77 0 0 0 47 29 96 0 81 23 36 6 68 0 22 42 3 77 98 56 0 81 99 65 42 22 99 0 14 0 15 40 94 0 
23 22 97 70 9 64 58 92 37 90 21 79 52 4 87 22 40 52 85 58 21 66 0 81 0 62 13 7 35 64 80 3 40 33 0 39 93 68 11 62 8 12 96 0 20 12 54 72 19 18 32 26 26 53 45 48 87 8 16 100 3 39 100 0 0 18 67 0 0 99 23 14 88 99 7 0 32 79 88 38 0 62 63 45 21 0 26 46 4 52 51 84 99 0 54 14 0 0 0 80 
0 60 99 48 40 68 71 43 60 0 50 0 84 96 40 0 77 71 55 85 71 86 94 91 34 2 55 0 19 69 0 74 16 0 0 62 83 12 35 10 4 28 34 52 59 45 68 0 37 17 60 9 22 39 91 25 12 1 32 70 52 0 8 0 63 64 10 0 90 61 81 83 16 10 57 88 0 97 0 54 45 0 68 30 52 0 63 7 30 61 93 75 48 22 20 61 0 100 54 69 
13 77 0 36 0 71 47 94 71 32 0 31 0 40 78 98 79 0 43 82 84 6 49 1 72 34 85 80 6 0 72 89 76 98 41 59 0 72 96 0 97 19 69 0 34 73 12 41 74 1 94 72 13 0 81 39 82 32 63 0 91 67 48 100 55 0 0 47 22 0 79 5 0 0 57 70 42 59 21 17 89 27 57 5 90 6 0 33 2 97 87 19 0 69 83 72 51 79 19 62 
21 34 22 62 27 32 74 95 49 49 71 0 75 44 0 0 20 52 45 0 0 61 0 62 82 78 5 23 94 90 4 22 67 77 11 95 87 8 84 0 35 2 58 41 94 89 55 19 6 6 28 77 0 0 7 61 69 0 0 3 0 91 37 43 0 53 0 94 0 29 14 24 0 91 57 17 68 14 0 92 44 77 26 17 0 75 34 60 0 0 61 37 29 9 99 84 0 59 68 60 
0 77 47 0 23 6 55 81 0 3 89 95 22 28 59 77 97 4 0 58 57 0 80 0 0 0 11 0 0 39 30 0 18 63 78 96 16 49 70 43 79 0 49 3 85 70 76 38 75 54 21 87 65 39 37 0 77 78 39 20 0 99 0 95 0 95 76 59 86 53 0 71 31 5 0 57 0 0 47 0 91 54 0 37 31 76 0 44 5 84 10 33 76 27 0 45 84 30 50 13 
17 26 92 0 80 0 28 93 58 69 0 31 0 27 5 0 72 61 0 0 84 25 0 45 12 0 33 0 38 65 53 81 0 51 87 54 29 0 56 51 20 93 68 33 91 64 68 58 86 45 97 87 36 97 45 45 46 0 0 94 17 96 87 57 0 38 5 1 66 63 0 57 38 19 4 76 73 1 75 22 0 49 21 96 35 11 27 7 95 9 34 44 0 75 21 42 78 53 95 51 
41 89 17 51 86 47 93 86 2 100 0 91 93 75 55 76 0 98 12 27 1 0 0 0 98 91 0 83 31 76 0 91 8 83 58 78 79 28 12 45 0 80 0 63 21 66 81 83 57 69 45 89 25 11 78 0 97 0 0 54 62 0 93 0 67 5 47 59 76 7 0 32 86 14 11 4 41 53 0 20 29 0 10 72 0 0 48 38 91 4 24 37 0 38 0 8 100 18 32 17 
0 48 0 89 3 11 50 23 19 17 0 82 98 0 17 47 32 11 0 3 79 0 0 10 94 47 78 46 87 0 49 82 8 39 58 7 38 50 0 20 19 26 8 82 0 0 9 38 4 72 12 15 14 87 11 0 0 0 96 67 0 36 57 56 97 55 45 0 92 9 8 7 40 8 50 95 59 79 92 5 72 29 100 11 0 63 29 8 0 52 48 2 0 0 0 75 39 32 14 66 
31 0 82 83 0 43 30 0 97 28 41 23 0 28 6 0 13 70 32 51 36 19 82 0 39 50 80 41 80 4 44 46 68 91 34 43 24 96 10 60 52 57 18 53 24 0 0 55 66 19 85 8 41 89 96 51 80 14 17 0 0 82 92 60 65 10 0 0 0 79 81 0 29 11 100 0 80 23 58 48 0 0 80 5 21 33 24 49 89 40 1 41 13 0 99 47 30 31 0 0 
91 0 57 93 93 53 21 0 25 56 98 0 0 60 35 67 73 72 0 21 4 75 0 51 68 9 96 36 0 80 27 16 64 43 0 89 0 33 84 36 1 24 29 57 31 42 39 41 18 31 61 66 0 84 24 99 0 0 7 18 33 90 0 43 1 64 0 96 41 98 46 33 17 0 25 32 96 57 97 60 5 5 95 5 12 50 0 42 93 0 19 90 0 79 0 53 0 0 1 61 
35 1 76 80 64 100 9 52 28 0 70 0 0 22 29 32 0 40 64 80 53 0 57 27 91 93 62 0 14 6 10 0 75 26 0 3 8 43 33 0 63 0 72 0 0 8 25 0 74 45 25 32 17 0 80 28 54 36 72 7 35 46 55 34 0 0 28 0 27 33 15 89 0 96 0 9 76 5 0 83 4 23 25 21 90 36 0 89 0 27 78 39 66 67 91 0 42 0 59 11 
32 5 10 22 0 55 0 88 0 90 70 52 41 73 80 37 73 49 2 82 28 19 48 64 59 12 38 33 7 24 22 53 16 8 77 6 72 30 15 0 17 38 70 35 0 0 0 46 5 62 98 55 23 75 68 44 73 0 48 65 45 42 92 84 30 70 24 58 100 0 12 0 42 0 0 64 0 55 48 63 32 91 39 26 61 40 50 6 0 0 43 27 47 9 61 58 0 87 38 0 
47 20 38 79 84 84 65 71 6 41 95 0 15 0 89 55 98 35 0 51 29 80 72 73 18 0 11 77 40 33 13 89 39 93 0 0 61 68 77 76 56 0 0 85 16 0 23 0 86 18 91 65 0 13 77 64 51 0 51 75 78 0 30 41 63 0 11 25 87 57 23 34 79 23 73 59 42 34 47 6 18 73 63 17 57 0 78 30 25 0 17 22 80 12 1 56 0 68 2 14 
49 60 81 76 24 54 65 93 86 47 70 0 12 0 75 66 0 75 8 0 0 98 6 83 60 21 72 55 0 95 98 11 65 61 32 94 29 8 43 76 26 50 64 87 51 96 47 47 82 5 16 3 55 78 29 81 61 0 46 30 0 92 75 72 82 27 61 76 11 75 75 8 15 0 0 0 70 59 57 19 71 20 86 6 0 24 22 74 0 31 44 11 0 78 77 0 48 0 31 0 
4 99 37 43 0 82 0 0 54 3 79 19 22 56 55 57 77 84 24 0 59 27 35 56 57 0 13 66 16 51 49 0 0 65 53 72 88 6 6 69 35 59 0 10 69 54 18 24 7 0 24 89 8 0 85 66 0 0 3 0 87 27 4 0 76 22 92 35 73 42 52 0 17 72 96 5 90 81 46 17 57 45 92 89 90 44 0 50 39 74 19 0 20 62 0 1 44 95 42 58 
62 0 10 0 18 0 91 60 10 84 60 16 77 0 62 0 0 63 11 81 0 28 82 63 15 100 34 92 0 66 18 57 22 0 9 34 70 73 67 0 0 19 83 54 75 3 0 45 15 86 77 14 26 77 21 0 22 75 27 0 0 33 0 0 0 60 11 9 0 98 47 84 0 0 92 62 25 38 0 58 62 0 64 68 47 0 74 48 66 2 95 50 63 75 20 56 23 19 83 59 
0 0 49 0 57 41 17 90 25 14 52 15 17 51 72 0 52 33 93 18 32 60 47 3 76 65 25 0 2 48 43 60 69 0 25 50 76 57 84 46 79 67 85 91 7 50 98 85 53 55 86 0 0 91 90 72 65 59 0 0 38 0 94 39 55 97 47 15 63 63 0 93 0 42 0 40 97 0 94 63 83 41 95 0 61 1 69 67 7 97 94 94 54 0 35 19 0 27 82 81 
10 17 100 14 70 81 67 66 0 72 0 79 44 19 96 32 66 2 95 42 30 73 18 55 24 58 58 54 0 100 81 0 35 39 7 82 72 51 16 42 64 41 36 96 87 29 78 0 16 0 60 56 68 0 33 0 31 4 31 75 71 24 61 49 39 0 6 84 46 53 0 31 29 67 68 0 0 88 0 0 10 32 97 50 4 5 63 60 74 24 8 2 0 93 47 36 27 36 34 0 
94 23 49 99 82 88 0 45 70 61 0 47 58 11 91 15 0 50 71 42 60 93 0 13 13 80 4 0 0 60 55 70 32 0 0 52 61 0 0 96 0 83 96 25 35 0 0 86 0 65 0 24 4 44 38 0 0 0 0 87 94 0 0 1 28 91 6 5 0 61 46 38 0 10 17 0 0 48 31 93 87 64 68 26 0 17 53 61 0 52 0 16 17 82 5 77 22 38 31 0 
49 0 51 29 92 15 35 36 69 63 83 76 52 94 0 68 10 35 47 33 14 0 25 5 8 1 63 25 47 63 38 41 30 0 36 100 23 51 76 0 49 22 69 17 0 39 72 15 71 68 70 12 91 75 22 91 76 48 77 86 62 0 17 41 28 0 21 40 27 0 0 0 94 77 66 65 65 0 0 0 85 53 61 47 90 81 91 0 60 46 98 55 17 98 38 37 80 6 0 80 
9 63 59 80 87 65 72 35 0 16 56 76 23 39 23 72 99 99 39 0 0 0 93 0 98 80 18 76 60 38 0 24 10 81 35 0 0 57 0 48 54 99 55 44 20 98 93 0 28 57 0 0 52 1 48 99 82 70 0 41 31 0 90 0 62 12 0 79 0 0 31 0 96 13 45 97 31 96 81 83 97 7 82 90 19 54 5 0 78 0 0 56 33 75 40 78 0 10 11 23 
0 99 51 0 31 44 98 0 12 87 58 89 61 41 2 77 29 0 61 10 0 4 37 68 0 7 14 82 34 74 13 86 21 3 40 74 23 0 72 36 18 40 49 70 55 60 43 49 21 59 55 28 21 0 58 64 0 85 0 92 0 9 0 21 6 37 59 3 32 36 70 45 92 82 23 0 76 50 12 0 0 4 0 29 25 42 73 53 89 75 24 0 9 38 57 100 40 60 13 28 
0 63 91 0 73 7 77 79 92 46 43 19 31 95 59 36 0 37 0 22 53 42 62 11 87 23 21 62 1 67 0 90 57 0 0 71 4 32 4 0 14 77 49 59 3 56 65 24 12 86 67 30 26 80 16 74 0 20 43 0 16 0 31 0 19 35 0 90 0 56 0 11 6 28 100 24 41 62 15 62 62 65 3 0 23 76 0 37 98 34 43 49 52 79 0 0 0 85 47 0 
19 32 49 21 0 69 31 99 69 81 92 57 20 78 10 93 81 44 95 39 0 96 4 34 0 0 47 46 59 100 18 8 27 52 78 18 87 0 40 0 86 81 0 0 0 31 14 52 0 42 99 73 34 36 28 61 17 20 93 0 0 66 64 46 34 1 46 8 33 76 30 0 97 64 0 9 0 63 0 1 72 0 0 7 77 47 53 60 14 60 68 59 10 2 24 0 10 9 69 37 
91 91 6 16 84 82 20 0 0 89 81 40 48 56 0 52 0 0 0 92 23 0 0 67 100 15 92 64 0 75 82 81 28 81 94 43 86 49 87 28 0 78 0 36 90 3 0 0 1 26 72 99 14 0 43 32 95 8 2 85 66 68 10 91 32 75 0 0 60 90 19 0 54 0 0 41 95 26 0 24 97 46 0 60 72 0 64 0 81 51 59 28 0 48 18 65 95 0 16 45 
96 14 33 40 0 32 21 10 64 65 43 36 82 99 91 0 0 57 51 6 33 0 37 13 88 43 64 41 55 0 34 16 1 26 22 0 80 32 79 45 59 0 69 5 74 63 0 19 89 46 0 32 83 43 91 0 0 27 73 13 40 55 68 0 0 61 0 95 80 59 0 32 13 17 98 24 0 0 21 49 93 82 37 27 77 0 46 0 34 14 0 88 78 100 33 59 73 13 65 82 
71 98 94 0 43 23 0 37 10 32 0 0 7 71 0 55 73 30 0 98 28 12 86 49 78 74 70 0 66 77 5 40 52 0 67 72 34 49 74 24 68 29 7 83 48 81 24 39 41 11 40 47 19 30 30 85 78 41 19 56 28 14 52 64 51 85 29 72 13 0 33 2 0 0 16 3 93 74 56 48 34 54 88 0 38 25 84 4 82 26 72 38 63 0 92 46 31 84 12 4 
26 83 0 56 41 9 15 94 6 95 60 71 18 27 94 97 39 0 40 64 27 95 19 0 89 95 16 34 0 54 38 99 30 0 35 37 76 0 30 60 89 0 8 65 62 71 0 31 61 85 27 35 0 20 71 17 92 40 33 0 0 96 81 42 0 55 12 83 0 0 4 33 38 9 68 0 5 31 56 39 12 7 59 0 25 29 32 79 0 95 93 58 15 85 22 41 0 68 32 41 
3 0 79 52 93 9 74 56 23 43 2 0 11 61 58 0 47 1 0 1 22 20 59 96 56 3 0 66 0 22 0 0 93 30 65 89 35 7 33 38 97 74 89 85 76 5 52 93 0 0 70 67 82 76 49 71 0 25 0 30 4 0 0 24 86 0 49 44 88 41 93 59 33 0 82 13 76 60 64 68 0 9 36 18 24 36 61 59 7 0 93 0 40 99 94 86 0 0 77 96 
98 38 0 94 21 86 78 97 30 0 62 30 40 77 15 23 0 0 78 0 0 0 26 81 7 69 48 94 0 97 60 52 0 0 84 59 4 31 82 29 52 0 0 33 72 60 88 43 67 31 0 80 33 65 60 55 42 25 97 64 3 24 29 0 0 33 67 58 92 69 35 0 17 0 37 90 70 0 21 91 31 60 85 12 1 46 27 17 23 90 20 14 30 72 2 0 44 73 2 72 
20 40 2 0 88 35 86 75 0 53 42 0 5 0 94 9 29 63 87 86 0 56 0 0 2 2 6 0 7 0 25 0 35 54 37 12 87 23 55 30 97 38 69 74 80 2 0 19 56 76 44 0 77 24 82 0 67 91 0 68 75 16 36 54 18 0 78 41 10 0 63 72 38 92 84 66 93 54 95 39 10 0 82 14 55 61 81 23 0 59 96 0 0 6 0 0 99 44 74 0 
45 95 77 62 88 3 89 61 49 0 15 57 35 16 9 43 12 28 21 51 98 56 92 0 0 21 5 0 16 10 0 49 0 0 54 17 63 83 17 62 36 56 0 82 0 92 11 39 17 0 41 4 93 99 0 10 0 14 54 26 43 100 36 0 0 39 9 37 56 0 0 16 39 11 0 86 98 0 52 5 99 64 88 74 36 0 0 82 12 56 61 0 39 51 40 95 43 6 83 18 
98 80 73 0 96 0 0 0 89 48 83 19 70 67 93 44 0 79 0 58 89 35 12 34 0 0 39 0 84 69 42 15 17 6 27 0 20 48 30 7 57 40 0 80 0 92 82 0 90 48 73 0 51 70 0 0 0 71 0 92 43 25 0 0 54 82 33 47 9 73 34 76 83 0 19 3 50 0 88 42 73 82 14 4 27 55 0 0 22 0 74 100 12 61 89 25 0 0 32 39 
79 0 56 85 0 57 0 43 47 60 83 88 0 100 59 0 74 58 20 0 68 13 33 15 66 63 20 74 0 16 56 15 0 28 0 0 0 19 12 62 0 92 0 80 80 60 1 0 46 0 88 12 0 21 89 0 84 93 98 98 99 0 64 48 89 6 0 88 30 29 0 0 43 51 13 47 0 51 30 0 0 98 26 10 57 17 17 0 0 0 0 36 96 86 25 100 12 56 3 5 
0 97 75 73 24 39 39 77 2 86 70 53 84 61 68 69 98 0 0 83 88 60 14 0 52 80 0 54 44 94 0 41 5 54 39 0 59 65 0 88 28 0 26 7 4 1 2 87 82 21 35 0 75 82 21 0 79 74 75 23 14 58 0 0 15 11 51 37 46 44 5 0 69 29 0 94 0 62 45 20 49 37 79 87 83 0 0 90 51 0 31 45 9 80 31 89 76 0 82 29 
0 0 36 29 33 13 92 25 0 76 50 0 99 85 13 15 0 0 81 0 69 6 0 19 72 7 12 40 6 38 91 55 62 17 92 86 99 14 0 22 45 0 95 5 65 81 66 19 5 64 35 2 0 67 0 14 87 5 75 80 19 43 0 42 66 15 15 27 68 23 66 97 0 14 36 73 93 47 0 95 0 87 2 15 95 30 56 0 95 66 75 0 0 98 0 1 82 49 0 0 
55 28 37 0 35 33 10 29 37 46 26 63 72 0 63 50 10 81 13 45 61 35 95 92 48 6 30 0 74 0 0 0 81 26 0 26 6 78 49 76 8 25 12 0 57 0 85 0 21 28 95 2 99 0 72 67 0 50 85 27 87 0 42 75 0 31 94 84 13 39 24 6 31 5 0 89 65 40 0 0 35 0 76 78 60 0 52 90 30 61 76 85 12 58 49 12 0 0 40 12 
97 0 72 51 24 92 26 9 59 21 77 76 22 3 10 0 81 70 63 42 0 26 97 79 41 0 36 82 20 61 81 0 30 14 35 42 56 26 22 24 0 45 83 62 29 36 93 1 81 0 39 0 40 72 51 0 94 1 42 57 28 95 0 48 81 37 0 45 21 10 0 73 95 31 28 41 8 43 94 49 80 30 10 64 55 37 47 97 4 87 0 0 36 49 14 96 100 0 8 92 
0 4 41 31 37 56 19 7 0 0 58 0 92 45 0 78 15 26 40 85 19 69 65 30 49 0 35 25 33 36 84 79 4 97 12 37 20 100 22 96 30 35 0 0 45 54 39 12 84 87 0 83 84 61 16 38 26 47 31 32 57 8 98 76 67 0 40 12 26 0 67 100 52 17 66 62 3 16 33 57 97 60 55 10 62 1 12 82 12 85 58 0 1 66 15 76 0 89 93 8 
14 26 47 95 63 0 64 69 0 48 80 2 61 100 17 83 69 1 45 90 25 33 0 64 8 63 8 29 58 15 86 10 28 82 64 49 63 81 0 19 22 0 74 0 87 77 77 73 54 82 23 0 24 21 52 77 60 0 65 88 35 34 90 1 63 45 0 33 0 69 97 0 44 98 45 36 42 97 38 28 68 40 0 0 0 77 2 8 0 11 16 26 55 60 88 44 33 11 92 83 
68 18 11 31 82 97 88 48 99 0 58 65 43 46 61 30 0 22 79 8 44 62 86 13 0 3 0 0 85 84 20 33 39 20 4 0 0 25 0 99 53 0 94 24 0 30 0 94 96 30 84 24 0 0 51 28 81 76 0 51 0 13 95 0 31 33 60 73 0 98 15 37 0 51 42 39 76 10 64 0 40 76 0 98 0 51 9 6 23 93 80 53 16 0 3 0 85 69 27 54 
56 49 14 0 13 51 0 47 0 11 2 71 2 57 0 22 28 51 99 0 45 18 14 24 82 33 0 84 89 6 68 30 82 100 1 20 0 21 48 40 35 35 43 45 26 25 0 0 1 85 60 23 48 11 0 10 49 18 85 72 40 1 18 94 99 10 0 35 39 0 5 0 6 32 55 64 79 0 63 91 74 13 13 63 25 82 68 0 74 72 14 16 78 91 83 40 7 81 13 42 
61 0 27 88 46 0 70 78 15 6 27 86 91 70 97 25 0 35 0 0 24 91 0 9 96 58 0 0 63 15 33 0 63 0 96 63 0 24 0 3 87 45 34 19 90 100 0 43 62 0 67 13 93 0 86 0 77 0 0 87 0 28 54 0 78 58 81 41 77 60 0 86 57 0 0 85 69 0 4 58 75 48 9 73 44 74 97 37 0 18 17 35 56 92 99 96 4 53 0 31 
0 34 78 42 95 78 15 42 0 28 0 95 72 28 37 31 56 91 0 6 77 19 0 95 94 26 0 94 0 13 0 35 10 30 36 96 78 62 55 0 97 76 63 93 35 0 44 51 90 50 49 34 69 31 71 96 0 80 74 53 96 73 24 18 49 29 0 0 58 0 0 57 65 22 47 0 60 97 33 39 85 45 0 0 51 32 75 35 16 0 73 69 68 43 42 1 74 13 95 0 
66 0 99 83 43 12 28 96 0 53 85 46 0 28 16 10 62 72 44 59 51 82 66 0 0 37 98 74 87 59 86 10 6 83 0 21 25 21 18 0 0 91 59 47 23 59 35 0 65 7 21 30 12 26 0 81 35 46 0 9 0 0 38 33 0 9 68 0 75 0 25 73 74 36 95 64 35 72 24 92 0 63 74 0 84 35 11 31 40 0 97 0 64 65 28 65 20 62 48 60 
74 0 17 0 64 47 0 0 10 6 0 76 55 1 41 0 51 48 37 79 20 34 4 0 92 43 26 75 12 0 67 5 17 65 15 39 65 0 0 72 0 0 1 71 0 85 84 0 41 58 12 82 100 70 0 59 79 36 95 99 82 0 26 46 39 69 0 0 64 20 10 84 5 23 59 69 53 0 28 0 60 72 51 0 65 52 46 100 11 76 6 90 28 0 0 87 99 97 14 57 
68 1 50 33 0 89 64 73 21 50 10 0 42 3 100 61 0 54 78 90 0 0 37 0 84 12 80 3 0 10 0 49 31 54 51 25 14 77 63 0 51 0 0 69 95 27 15 78 85 0 59 42 32 95 27 64 42 0 34 0 73 7 32 0 78 99 95 0 46 78 58 68 81 74 88 22 0 92 34 43 89 8 43 38 6 40 87 0 0 87 0 95 26 66 42 39 17 34 96 39 
0 91 0 26 44 15 9 42 78 75 52 53 89 38 69 0 40 31 16 25 8 0 0 36 43 25 66 19 50 90 12 38 91 58 90 62 74 0 53 64 79 92 46 33 0 77 93 55 94 40 2 37 6 0 64 38 39 11 33 56 0 32 80 11 98 0 10 13 94 49 24 16 27 60 77 71 71 71 33 92 87 52 74 87 7 0 91 0 79 61 65 67 6 0 44 74 21 0 0 94 
0 59 94 11 37 88 15 17 27 22 0 78 9 41 80 61 45 0 63 88 80 39 84 10 0 0 59 65 0 71 78 94 0 70 65 97 3 50 5 0 79 97 0 34 87 0 52 68 85 0 60 28 49 52 83 0 0 19 81 71 0 0 0 74 55 0 92 66 6 38 0 52 19 20 54 97 19 43 38 72 0 0 81 11 0 0 2 0 27 75 68 0 15 0 27 20 0 1 0 0 
22 15 33 33 73 0 17 20 0 59 75 8 25 0 92 0 0 92 0 45 0 0 64 68 0 93 20 27 13 26 21 79 20 46 17 55 3 2 0 94 42 0 31 84 50 30 76 91 18 54 22 82 0 0 92 45 0 8 71 16 88 1 63 95 36 8 0 0 4 75 0 25 94 0 92 61 12 40 7 0 25 0 13 0 38 74 93 0 0 85 21 0 69 85 12 94 0 80 71 64 
3 98 26 95 83 74 88 21 93 20 72 33 79 80 31 31 58 12 11 72 2 0 68 66 97 64 83 89 46 5 89 5 18 98 0 12 17 99 73 38 70 8 82 20 53 74 0 5 57 0 67 78 68 0 79 45 35 19 39 0 0 67 0 36 68 64 1 81 42 0 36 74 95 49 0 12 4 12 85 62 100 3 0 22 73 55 0 94 55 63 84 10 5 35 43 15 0 29 44 70 
16 39 36 14 85 82 13 67 0 28 45 66 0 31 96 0 0 73 81 54 0 65 80 25 61 0 80 88 32 95 98 88 57 30 3 0 15 0 0 6 43 1 80 98 14 23 22 6 38 0 0 66 74 40 0 0 72 7 34 16 98 44 53 54 51 86 63 63 11 0 87 37 56 42 33 63 0 10 0 83 74 0 2 0 75 46 51 90 0 87 59 25 0 67 0 18 0 74 99 50 
51 51 24 0 0 16 91 0 79 46 47 64 0 13 62 13 41 99 0 68 48 0 32 58 0 0 89 85 26 60 13 12 0 1 47 0 0 0 0 51 0 0 0 0 50 90 34 1 8 0 50 5 0 13 0 0 79 22 14 33 78 63 86 65 0 67 33 86 69 44 73 70 49 78 57 95 3 11 67 10 0 83 80 2 56 41 55 0 3 96 0 48 1 69 0 0 36 6 47 4 
92 92 24 77 0 93 55 78 18 68 47 26 0 91 0 11 58 0 25 96 59 0 29 40 51 69 18 0 63 1 10 6 0 75 38 60 0 94 0 65 36 9 8 32 72 4 0 50 96 0 8 75 0 48 13 5 0 70 0 36 92 61 0 0 27 64 25 49 43 0 41 61 33 13 43 68 66 14 43 5 22 42 0 1 21 98 0 0 48 57 24 46 32 74 49 54 0 0 83 1 
44 40 88 0 96 84 57 43 77 86 56 76 78 56 23 36 0 12 45 32 26 29 0 58 89 8 49 0 0 0 95 0 94 93 40 93 100 13 0 77 14 89 0 58 32 60 0 87 96 24 37 89 74 0 0 62 90 0 29 51 35 70 63 33 0 33 58 66 21 36 72 42 87 62 2 19 32 0 0 0 82 0 96 0 98 91 89 49 56 32 1 98 0 54 34 89 12 11 36 0 
0 0 22 65 14 34 61 49 92 40 89 26 0 46 71 0 0 21 81 88 87 23 97 0 49 96 7 51 40 56 0 23 0 0 74 47 31 90 21 59 39 33 72 51 0 46 0 24 16 31 98 0 40 98 37 84 33 46 28 63 27 48 39 2 39 25 11 98 99 82 47 48 0 75 98 66 58 87 84 21 87 97 76 0 79 93 32 56 7 24 10 28 45 0 26 17 31 41 85 79 
81 91 10 0 22 0 85 30 84 42 22 51 87 94 72 94 55 0 0 76 64 0 29 41 28 65 0 13 62 0 98 27 27 0 96 78 0 23 9 0 0 43 74 6 0 24 30 34 90 6 0 81 4 58 100 100 0 0 13 0 0 63 91 0 28 0 39 65 20 0 21 31 56 82 77 0 0 20 92 25 37 83 0 14 44 0 16 99 11 81 0 51 48 63 70 77 73 25 11 83 
61 76 75 96 54 44 81 0 88 13 0 25 77 15 57 0 63 23 27 29 53 2 0 66 0 2 34 1 12 64 26 0 0 81 72 61 0 0 55 39 35 10 49 0 24 77 83 34 20 18 53 39 0 18 38 73 86 31 0 8 47 40 42 0 98 95 90 58 32 35 4 0 0 5 40 24 60 0 36 48 0 24 0 83 49 80 0 61 100 73 30 70 20 83 79 56 99 91 0 11 
0 0 50 31 50 4 10 74 0 72 58 29 53 27 18 2 91 29 0 0 0 0 82 84 0 0 27 3 0 10 32 41 49 0 68 3 95 46 0 28 99 72 96 0 44 58 96 54 80 38 0 93 21 38 35 0 34 39 94 93 13 96 25 20 5 72 23 33 29 48 95 45 0 42 69 0 0 67 44 25 67 46 53 91 0 0 0 65 56 85 33 62 31 0 94 46 21 33 35 71 
36 16 100 20 83 89 42 77 0 77 61 88 33 0 42 52 13 0 0 92 51 62 84 30 0 39 0 94 75 33 0 42 0 30 54 51 0 94 5 62 68 89 75 0 85 94 0 90 59 56 76 0 55 0 47 0 77 80 18 0 0 0 79 85 42 15 99 0 0 82 27 0 60 25 31 46 51 0 90 95 35 64 68 2 43 97 0 10 0 0 84 6 61 64 4 86 46 28 71 49 
72 25 0 99 49 83 72 63 93 30 86 48 84 54 0 0 86 0 0 76 24 29 72 29 24 3 34 62 30 85 0 0 46 41 35 0 88 0 71 92 71 99 23 10 24 0 14 13 77 61 36 74 72 57 86 9 0 0 92 27 29 38 100 1 88 84 0 0 0 45 0 24 84 81 81 60 12 77 0 25 64 80 0 41 54 47 74 99 38 63 73 0 51 57 53 54 38 72 0 20 
0 11 26 93 50 47 0 27 0 70 62 0 3 11 39 83 0 100 10 30 0 36 69 69 47 95 64 14 91 26 0 50 47 8 7 69 100 33 71 57 18 48 60 0 47 79 0 0 0 88 88 23 99 63 91 47 98 63 86 97 13 5 22 67 13 81 86 98 48 41 48 76 10 0 69 56 0 75 0 54 27 17 0 28 56 0 0 94 0 59 0 33 35 91 25 36 91 99 76 0 
80 21 20 72 65 79 50 91 85 81 85 26 96 65 99 0 46 61 78 0 0 76 28 6 75 58 39 34 69 51 72 11 41 84 81 42 0 49 75 7 10 79 0 0 74 80 10 54 100 32 0 97 97 34 65 71 91 73 74 0 24 46 30 41 52 10 52 49 0 74 0 16 4 77 2 79 73 88 96 16 5 81 0 32 15 43 64 74 61 72 0 0 86 81 50 0 0 41 0 95 
81 3 29 47 41 37 61 28 40 65 70 30 56 91 47 68 0 4 85 1 1 77 4 0 0 87 11 39 56 7 8 14 55 0 83 22 36 83 0 88 35 68 0 28 4 55 27 43 0 83 23 26 0 65 24 92 98 0 0 93 16 44 0 83 96 22 67 74 9 92 89 0 0 0 9 42 73 75 96 0 90 53 69 16 47 0 43 54 58 4 0 91 0 25 0 41 44 90 6 8 
0 3 72 7 41 3 44 63 65 0 64 0 76 31 19 0 55 100 100 39 3 84 91 0 31 84 66 66 22 19 20 46 67 19 0 64 84 22 43 85 0 38 88 0 0 53 22 16 92 19 4 8 0 63 75 18 0 18 71 64 96 46 0 24 71 0 68 92 91 43 93 97 34 6 71 44 47 22 65 61 57 40 54 0 0 75 89 0 69 9 82 19 54 100 53 78 21 42 56 0 
42 1 0 0 62 29 0 54 42 48 0 36 82 21 24 68 100 37 32 0 1 0 33 92 62 2 0 32 0 16 56 0 68 22 33 0 10 2 90 0 76 40 33 76 66 76 78 44 22 0 82 89 96 0 72 0 17 70 72 12 28 0 1 0 0 77 13 14 83 0 66 50 0 0 28 2 3 20 91 53 76 71 52 71 49 2 0 0 0 96 54 0 58 0 86 58 0 100 56 97 
15 44 67 0 64 2 0 55 51 0 33 0 41 36 44 93 38 0 96 0 16 79 36 66 0 0 99 0 44 0 74 0 89 0 52 0 0 33 0 43 19 59 37 84 0 25 0 34 33 31 0 94 0 31 21 19 0 14 37 0 34 52 84 0 27 79 0 13 16 99 0 55 0 98 81 92 80 24 73 38 4 0 0 29 27 6 0 78 63 79 68 26 0 8 29 0 29 22 80 31 
37 67 34 79 88 0 50 0 33 56 9 0 0 62 49 63 85 9 0 29 52 50 24 57 2 36 67 57 52 0 66 54 34 87 0 16 67 20 78 39 88 85 48 0 4 98 90 60 18 67 0 68 41 51 20 3 91 69 0 56 0 89 96 15 44 52 12 95 61 44 8 34 3 56 54 0 79 46 17 18 69 0 35 37 0 53 54 32 0 30 40 0 44 65 3 5 0 2 6 91 
78 14 60 76 72 84 47 0 59 85 86 42 0 93 92 43 15 3 31 99 77 69 64 19 10 81 68 0 0 13 62 0 0 0 60 88 0 84 40 0 65 15 63 19 0 0 0 64 72 39 39 87 0 59 0 0 64 23 21 0 55 63 0 15 89 70 65 77 0 96 1 60 16 49 2 52 50 81 44 41 99 3 0 33 65 9 86 76 0 44 37 0 4 10 0 25 0 42 98 43 
