100 100
0 0 0 0 0 0 0 0 0 0 65 0 0 0 0 0 0 0 0 0 95 0 0 0 0 0 0 0 0 0 0 0 0 0 0 45 0 4 0 0 0 0 0 0 4 0 0 0 0 22 0 0 0 0 0 0 0 0 87 0 0 0 0 0 17 0 0 71 0 0 0 0 0 0 0 0 0 0 39 43 0 0 0 58 36 0 0 0 71 0 0 0 0 0 0 0 0 0 0 21 
43 0 0 0 0 0 0 0 0 0 32 0 61 0 90 0 55 0 86 0 9 0 23 0 0 0 0 0 0 0 0 0 39 81 0 0 0 76 0 49 0 0 0 6 0 31 30 0 51 0 87 0 44 0 0 0 0 0 0 45 21 0 0 0 0 0 0 52 0 85 12 0 0 0 83 95 0 0 0 100 26 0 0 0 0 0 0 0 67 21 0 0 34 0 0 0 0 0 0 0 
0 0 0 0 40 0 0 0 0 0 20 0 0 0 0 0 66 0 0 89 0 15 0 83 49 0 0 79 0 1 0 0 0 0 48 0 0 0 82 42 0 0 0 0 0 0 0 0 89 0 0 0 0 0 0 21 0 42 0 76 0 0 0 0 0 89 0 0 28 0 0 30 0 0 0 38 0 0 0 0 0 0 0 0 0 0 0 0 0 0 62 0 0 0 0 0 0 87 0 0 
19 0 0 0 0 0 0 71 0 0 15 0 0 0 0 70 0 0 0 0 0 0 0 0 0 65 87 0 0 97 24 0 0 0 0 0 0 1 0 0 0 0 0 0 0 0 0 0 0 0 0 0 0 0 0 0 0 0 30 0 0 0 0 0 0 0 0 0 0 0 0 4 0 0 29 0 70 0 63 0 0 0 0 0 0 0 0 0 0 0 0 0 0 0 0 81 0 0 41 0 
0 84 0 0 57 0 0 0 0 0 0 0 0 0 0 0 0 0 0 0 0 0 0 57 0 0 41 0 87 0 0 14 0 0 0 0 0 0 0 0 57 0 0 0 0 0 0 0 0 0 0 33 0 0 0 0 0 0 84 0 0 0 0 17 0 0 35 0 61 0 0 0 0 0 0 26 0 0 0 0 0 0 0 0 0 99 0 0 0 0 86 0 0 0 0 0 74 0 0 0 
0 77 0 0 10 0 0 0 42 0 0 6 0 0 0 0 0 0 0 10 0 65 53 0 73 0 0 0 14 0 0 0 0 0 0 0 0 0 0 74 0 0 0 0 0 0 0 0 0 0 12 39 0 0 89 0 0 0 33 0 0 0 0 0 0 0 0 0 8 0 0 80 60 0 0 0 0 67 0 0 0 25 0 0 34 0 31 68 90 0 0 68 0 0 0 0 73 67 0 0 
0 92 0 0 0 0 0 0 0 0 0 39 0 0 1 0 0 56 0 0 0 0 95 91 0 0 0 0 0 0 0 0 0 0 0 0 0 0 2 0 0 65 0 0 0 0 0 59 0 0 0 0 0 0 0 95 0 0 40 0 0 0 0 0 0 0 0 30 0 71 0 0 0 0 0 0 9 0 0 0 0 0 13 0 0 0 93 0 0 0 0 0 0 0 64 0 0 0 0 0 
0 0 0 0 0 0 0 54 0 0 0 0 42 0 69 65 62 54 0 0 0 0 18 66 38 0 26 84 0 0 0 0 0 0 0 0 0 0 0 0 56 53 41 56 67 52 0 0 0 0 0 0 19 0 0 0 0 0 0 73 0 0 0 0 0 0 0 0 0 0 0 0 0 0 93 0 100 0 0 77 0 83 57 0 0 0 0 0 0 0 0 0 0 0 0 67 0 0 0 0 
0 0 0 0 50 0 0 0 0 61 52 64 0 0 0 0 42 0 0 0 15 0 0 0 48 0 0 0 53 0 21 81 0 0 0 0 0 33 0 0 0 0 0 0 0 92 0 28 0 0 7 75 0 0 0 0 0 0 0 0 0 0 0 13 58 0 0 0 0 0 0 0 0 0 0 0 0 0 88 0 0 44 0 0 0 0 0 0 0 0 0 0 0 0 0 0 0 0 21 0 
0 0 0 29 0 0 0 0 0 65 0 57 0 0 0 0 0 78 27 0 0 0 0 0 0 0 40 0 0 0 0 0 26 0 0 0 0 0 0 0 0 0 0 0 64 0 0 0 0 0 0 0 0 0 0 0 0 0 0 0 6 0 0 0 0 48 0 0 0 61 0 0 0 0 0 0 0 0 0 53 0 0 0 0 60 0 0 0 0 0 0 90 0 0 0 0 0 0 0 0 
28 0 0 0 0 0 0 0 0 0 0 0 0 0 0 0 0 65 0 0 0 0 67 0 0 0 0 0 0 94 0 0 0 0 0 0 0 0 0 0 0 35 0 0 0 0 0 0 0 0 0 0 0 0 44 0 0 0 74 20 0 0 10 0 0 0 0 0 0 0 0 0 0 0 93 0 0 0 0 0 58 0 0 0 0 36 6 0 25 42 0 0 85 0 0 0 23 0 0 0 
0 0 82 59 39 0 89 0 94 0 0 0 64 0 0 56 0 0 0 0 64 0 0 0 60 0 0 0 0 88 0 80 0 0 0 0 0 0 0 76 0 0 70 0 0 0 0 0 0 13 0 0 0 21 0 0 68 0 0 0 0 0 49 0 0 67 0 0 0 0 0 0 52 0 0 0 0 0 41 0 0 0 0 0 99 0 0 0 0 0 0 0 0 0 0 0 55 0 0 0 
13 0 0 63 0 0 77 78 23 0 0 0 0 0 0 77 17 0 0 0 21 0 0 0 0 0 19 67 0 0 0 0 0 21 0 62 0 0 28 0 0 96 0 0 0 0 0 0 0 0 0 0 0 0 0 0 0 46 0 0 0 0 0 0 0 0 0 0 0 0 0 0 0 83 0 0 0 0 0 0 0 0 0 17 0 0 0 17 60 0 0 0 0 0 0 0 0 0 13 95 
0 0 0 0 0 15 0 0 0 0 0 0 0 60 0 86 0 0 0 0 0 0 0 0 0 0 0 0 0 0 0 0 0 0 33 87 0 0 0 0 78 0 0 42 0 0 0 0 0 0 94 0 0 0 0 44 0 0 0 0 0 0 0 0 0 30 0 0 0 0 0 0 0 67 98 15 0 0 0 63 0 0 55 0 0 0 0 31 0 0 64 0 98 0 0 83 0 0 0 0 
0 44 0 0 0 0 80 42 0 0 0 0 0 0 0 0 0 0 0 0 0 0 0 0 0 0 0 0 85 0 0 0 0 0 0 0 55 0 0 0 0 0 0 0 0 0 0 0 0 0 0 0 0 28 0 61 39 0 0 0 0 0 0 0 0 21 0 0 0 0 0 0 0 0 0 0 43 74 0 0 0 0 0 0 0 0 0 37 62 99 98 0 0 0 0 54 0 0 0 0 
0 64 35 0 0 0 0 58 0 21 0 0 0 0 47 0 0 0 54 0 0 0 0 0 0 96 0 0 0 0 80 12 0 96 0 0 0 7 0 0 2 0 0 0 79 0 0 0 0 0 0 0 0 65 0 0 21 56 0 0 0 0 0 0 0 0 0 0 0 0 0 33 0 0 13 0 0 0 100 0 75 0 0 0 0 0 0 0 0 15 0 0 23 0 0 0 0 97 34 0 
0 83 0 0 0 0 0 0 0 34 0 0 0 2 0 0 0 0 0 0 0 50 0 0 0 0 17 0 0 0 0 0 0 0 0 0 0 0 0 0 0 0 0 0 61 0 0 0 0 71 0 89 0 0 75 0 0 0 0 80 0 0 66 65 0 0 0 70 22 0 0 18 0 0 58 66 0 0 69 0 0 0 0 0 0 0 0 0 0 0 0 0 0 0 0 0 40 0 0 0 
0 0 0 0 85 0 0 0 0 48 0 0 0 0 0 0 0 0 0 0 24 89 0 0 0 0 0 57 0 0 0 0 0 0 0 76 82 0 0 0 0 0 0 75 0 95 0 0 0 0 0 0 0 0 0 0 88 0 0 0 1 0 21 0 0 0 0 0 0 0 0 0 0 0 42 28 0 0 0 0 0 0 0 78 0 0 0 0 5 0 0 0 0 0 76 0 0 45 0 0 
0 36 0 0 0 0 0 0 0 0 30 0 0 0 0 0 0 0 0 58 0 0 0 0 0 0 0 0 0 0 0 0 0 0 0 0 0 0 0 0 0 0 80 0 0 0 0 0 0 0 16 0 64 0 0 0 0 0 0 0 0 0 9 0 0 0 0 0 0 7 0 0 0 0 0 0 0 0 0 0 0 0 0 0 10 0 0 0 0 0 0 0 0 0 0 0 0 0 0 0 
72 0 0 0 7 0 77 58 0 0 32 86 22 0 0 0 0 93 0 0 0 0 0 0 0 0 0 0 0 0 24 0 0 0 0 0 0 0 62 93 0 0 0 0 0 0 0 0 44 0 0 0 0 0 0 0 0 0 0 0 0 0 17 61 0 0 0 0 0 100 0 0 0 0 0 0 0 0 0 0 0 0 0 0 0 0 0 0 0 0 0 0 0 54 0 0 0 0 85 0 
0 0 0 0 0 0 0 0 0 0 0 0 0 0 0 0 29 0 0 42 0 0 0 18 0 100 0 2 0 34 0 22 55 52 0 0 0 0 0 0 9 0 0 0 100 0 0 0 0 0 0 0 0 84 0 0 0 38 0 0 0 0 0 0 0 94 0 0 0 10 0 0 0 0 0 22 0 0 0 0 0 0 0 0 0 0 0 0 0 40 0 67 0 0 0 0 0 88 0 0 
0 0 0 87 0 0 0 0 0 0 0 14 0 0 0 0 56 69 0 20 0 0 35 11 0 0 0 0 97 0 0 0 0 0 0 0 0 0 0 52 44 0 0 0 0 0 0 0 0 27 0 0 0 0 0 0 0 100 0 0 0 0 0 0 0 0 0 0 0 6 0 0 0 0 64 0 0 0 0 22 0 0 0 71 0 0 0 0 0 93 17 0 0 0 23 23 0 0 0 0 
55 0 37 0 78 0 0 0 0 0 0 0 32 0 71 67 0 0 0 0 85 86 0 44 4 0 48 0 0 0 0 0 0 0 0 90 0 79 0 0 0 17 0 0 0 0 0 0 0 0 0 0 0 0 0 0 93 0 7 0 0 0 0 0 0 0 0 0 0 39 0 0 0 0 0 0 0 0 59 45 0 3 0 0 0 0 0 0 0 0 0 0 32 0 0 0 0 0 20 0 
34 0 0 0 0 45 0 0 0 63 0 0 0 0 0 0 0 0 0 0 85 0 0 0 0 0 79 0 0 0 0 0 0 0 0 68 0 0 0 0 0 0 0 0 78 0 0 0 0 0 0 0 0 0 0 0 0 0 17 0 0 83 0 0 0 66 33 0 69 0 0 11 0 0 0 0 0 0 0 0 29 0 0 0 0 0 0 0 0 4 0 0 0 0 0 0 0 0 0 0 
0 0 0 0 0 0 0 0 30 0 0 12 0 0 0 0 0 0 0 15 0 0 0 0 0 32 0 0 0 0 0 44 0 0 0 0 0 0 0 0 0 0 0 0 0 0 84 0 0 0 0 44 0 0 0 0 0 0 0 0 0 0 0 0 82 0 0 21 68 0 0 0 0 2 65 0 0 0 67 0 0 0 79 0 0 31 86 37 0 0 0 0 0 0 0 0 91 0 0 0 
0 0 0 89 0 0 0 0 50 0 0 0 99 0 0 0 0 60 0 0 0 0 0 11 54 0 0 0 0 0 0 0 52 0 15 0 0 32 0 0 0 0 48 90 0 21 0 18 0 66 0 0 76 0 30 0 42 0 0 0 0 0 0 0 6 0 0 40 0 0 0 0 0 0 0 0 0 0 0 28 0 0 36 0 0 0 0 0 0 96 0 0 0 0 0 0 0 0 0 0 
0 68 0 39 0 0 0 0 0 0 0 0 0 65 60 0 0 0 14 0 89 0 20 0 0 0 0 0 0 95 0 0 0 0 0 0 0 95 0 0 66 0 22 0 0 0 0 29 0 0 92 0 39 0 0 0 0 0 0 0 7 0 0 0 0 0 0 56 58 71 0 0 0 65 0 0 75 0 0 34 82 0 0 0 0 0 0 0 0 52 0 39 0 0 0 0 0 0 0 28 
0 0 0 0 0 90 0 0 66 0 38 0 67 0 0 0 0 0 88 58 0 0 0 49 85 0 0 0 0 0 61 43 0 0 0 0 0 0 0 0 6 0 24 0 60 88 0 0 0 0 0 0 0 0 0 0 0 75 0 8 58 0 0 0 0 0 0 0 72 0 0 0 0 97 0 0 0 0 0 0 0 0 0 0 83 0 0 43 0 0 0 0 0 0 0 37 0 0 0 0 
0 0 0 0 0 0 0 0 59 0 0 0 92 92 0 0 0 0 0 0 0 0 35 0 0 85 0 85 0 0 0 0 0 26 0 0 95 0 52 0 0 95 0 0 0 0 0 8 0 0 0 0 0 29 69 0 0 0 0 88 0 0 48 22 14 0 0 0 0 0 42 0 0 0 0 0 97 0 0 0 0 0 0 0 0 1 0 82 0 0 0 0 50 0 0 0 48 0 0 0 
0 0 0 42 0 0 3 0 0 0 0 0 0 0 0 0 0 22 0 0 0 99 0 0 0 0 0 0 0 0 0 0 84 0 0 0 0 0 87 0 0 0 0 0 0 0 57 0 0 0 0 0 0 0 28 0 0 24 66 0 49 1 0 0 0 0 67 0 44 0 96 52 0 0 0 7 0 0 0 81 46 97 0 93 0 81 14 0 80 0 0 0 36 0 0 0 0 0 79 0 
0 0 0 3 0 0 0 0 0 37 0 0 0 0 49 0 0 0 0 0 93 0 0 0 0 0 0 0 0 0 47 0 0 0 0 0 0 83 0 0 0 80 0 0 0 0 0 0 0 0 0 0 0 0 0 0 0 0 60 0 0 52 0 52 0 0 0 0 0 0 0 0 0 0 0 0 0 0 0 0 62 56 0 65 0 92 70 54 39 0 0 50 0 50 0 0 0 0 0 0 
98 0 0 53 0 57 0 2 0 0 0 0 0 0 0 0 0 0 0 0 0 0 0 0 0 0 0 0 70 0 0 17 0 0 0 0 0 0 66 17 56 28 0 12 0 0 0 0 0 14 0 0 51 0 100 0 0 0 0 0 0 0 0 0 86 72 0 0 93 0 0 0 0 0 0 0 7 21 70 0 0 0 8 0 0 0 0 0 0 0 0 0 0 0 63 0 14 0 0 0 
0 0 0 0 0 0 0 0 13 4 0 16 0 0 0 0 0 0 0 0 0 0 0 0 0 0 0 0 0 0 0 0 0 0 98 0 0 0 0 0 71 22 0 0 5 30 0 0 0 0 7 17 15 0 0 0 0 0 0 0 0 0 0 76 0 0 0 55 0 0 0 97 0 0 0 0 0 0 0 0 0 0 0 0 0 36 40 75 0 22 0 57 0 0 0 0 0 0 77 0 
0 0 0 0 0 0 0 0 21 19 0 0 0 0 0 0 0 0 0 0 0 0 0 0 0 0 0 0 0 0 0 100 0 0 0 0 0 0 0 0 0 0 0 0 0 39 0 0 0 0 0 0 72 0 0 70 0 0 0 0 0 0 91 0 63 98 0 0 0 0 0 0 0 0 0 0 76 0 33 0 0 0 0 80 0 0 0 17 0 53 0 0 0 0 0 0 0 0 88 0 
0 0 0 0 0 0 73 20 0 0 0 0 0 0 0 0 0 0 0 0 69 0 61 7 0 0 0 0 0 0 5 0 0 0 0 0 0 0 0 0 0 0 46 0 0 0 0 0 0 0 21 0 0 0 0 0 0 89 0 0 6 0 0 0 0 22 0 0 0 22 0 0 0 0 0 45 0 0 0 0 0 0 63 0 21 0 0 0 14 0 0 0 0 0 0 0 0 0 0 0 
0 0 0 0 0 0 0 0 0 44 0 0 0 0 0 0 0 0 0 0 0 99 0 48 0 0 0 19 0 0 0 56 0 0 0 0 0 0 0 0 0 24 0 0 0 63 0 0 0 0 0 0 69 0 45 71 0 0 0 0 0 0 91 91 0 75 0 0 0 0 0 0 0 0 0 18 36 0 0 8 80 0 0 0 0 39 90 0 0 0 0 0 56 0 0 0 0 0 0 0 
100 0 69 0 0 15 0 96 0 62 0 0 0 57 0 17 0 0 0 1 91 28 85 0 0 59 0 0 0 0 0 0 0 0 25 24 34 0 0 0 0 63 0 0 0 74 26 0 0 10 0 0 0 37 0 55 0 0 0 0 0 0 0 0 0 0 0 0 0 0 0 0 0 25 0 42 0 0 0 0 76 0 0 0 0 31 0 0 0 64 16 0 0 0 0 0 0 0 0 0 
0 49 0 0 0 0 0 0 0 0 0 0 0 0 0 0 0 53 0 0 0 0 68 0 0 87 0 0 0 73 0 0 0 0 20 0 0 0 0 0 0 0 0 0 0 0 0 0 0 0 0 0 0 0 0 0 0 0 0 0 19 0 0 0 0 19 0 0 49 0 0 0 0 50 0 0 16 0 0 11 0 0 0 83 0 0 0 32 0 0 0 43 0 0 0 0 0 38 50 0 
0 0 94 0 0 0 88 0 0 0 36 0 0 0 0 65 0 0 0 0 0 26 0 41 0 0 0 0 0 0 0 0 0 0 0 0 44 0 0 0 0 0 0 0 0 77 0 0 0 0 0 0 0 47 0 93 0 0 0 0 100 0 0 0 0 8 0 0 0 71 0 42 0 36 0 0 21 0 0 38 0 47 0 95 0 4 0 24 0 0 0 0 0 0 0 0 0 95 0 37 
0 0 0 4 0 0 0 0 0 0 0 0 10 70 0 0 0 0 0 76 0 0 0 61 0 0 54 0 0 74 0 0 0 0 0 0 23 0 0 86 39 0 0 0 0 0 0 0 55 0 0 0 0 0 0 86 0 87 0 0 30 0 0 0 0 77 0 0 0 0 0 0 0 0 0 0 0 0 0 0 0 0 0 0 0 0 0 0 0 0 0 0 67 0 0 0 47 27 0 62 
0 0 0 61 0 6 0 39 0 0 0 98 0 0 0 0 17 0 32 0 0 0 0 0 42 0 19 0 0 0 0 0 94 0 21 0 30 0 0 65 0 69 0 0 0 0 0 62 42 0 0 0 0 0 0 22 0 0 0 62 0 0 0 0 50 0 0 0 0 0 0 0 0 0 0 65 0 0 0 0 0 0 0 0 0 0 0 0 0 0 0 0 0 0 0 0 0 0 0 0 
33 0 0 0 21 0 0 0 0 0 0 0 0 0 0 0 51 0 98 9 0 0 37 11 0 0 0 67 0 82 51 0 0 0 0 46 0 0 0 24 100 0 0 0 0 0 0 0 90 0 0 0 37 0 0 0 0 0 0 0 77 0 0 0 0 69 0 0 0 0 0 0 0 0 0 0 0 0 0 0 0 64 0 0 0 99 0 0 84 0 0 0 20 0 0 0 0 0 0 0 
0 0 0 0 0 0 0 0 0 0 0 0 0 0 34 0 0 0 96 0 0 0 0 0 0 0 0 0 0 0 0 0 0 0 0 0 0 74 0 0 0 57 8 0 0 0 35 0 0 0 0 0 0 0 0 0 0 0 0 0 0 0 0 44 0 0 0 0 0 0 0 30 0 0 0 49 37 0 0 0 50 3 0 0 0 0 30 100 93 0 0 0 0 8 0 0 0 0 0 78 
0 86 25 60 0 0 0 0 0 0 0 0 0 0 0 0 0 3 0 0 0 0 45 35 25 0 0 0 0 0 0 81 0 0 0 0 0 0 0 0 49 0 0 0 0 40 0 0 0 0 0 0 0 0 0 0 74 0 0 0 0 0 0 0 0 0 0 0 0 10 64 9 0 0 0 0 0 0 95 38 0 1 0 0 0 0 0 0 0 0 0 0 0 0 97 0 0 0 0 0 
0 0 0 0 3 91 0 31 0 0 0 0 0 28 0 45 0 0 0 54 0 0 0 84 0 0 56 33 0 0 0 0 0 0 0 0 0 50 0 0 0 0 10 95 0 58 0 0 0 0 0 0 59 0 0 0 0 83 0 0 55 76 0 30 47 0 0 0 0 0 0 27 0 0 0 0 64 0 0 0 48 0 0 0 0 0 0 0 0 0 0 82 99 98 11 0 80 0 0 0 
0 0 0 0 42 0 0 0 0 0 0 0 53 0 0 0 0 0 54 0 0 80 41 0 55 0 0 0 0 0 0 0 47 0 93 69 0 27 2 0 0 0 0 0 0 88 0 0 0 0 0 33 1 0 0 0 0 0 0 0 18 50 0 0 29 30 0 0 61 0 0 69 0 0 0 0 84 83 0 0 0 0 0 0 0 18 0 0 0 0 0 0 0 0 0 0 0 0 57 0 
100 0 0 0 0 51 0 0 0 0 62 99 11 0 0 99 0 56 0 97 0 100 0 75 62 72 99 0 49 0 13 0 0 0 0 0 0 15 0 0 0 0 0 0 0 0 88 0 0 0 0 0 0 85 0 0 0 0 0 0 0 0 0 87 53 0 0 0 0 0 0 0 0 0 0 0 0 0 0 0 0 0 0 0 0 89 0 0 0 0 0 0 0 0 0 0 0 0 0 6 
0 0 45 0 3 0 0 92 0 0 49 0 0 0 0 0 0 41 0 0 0 35 0 0 0 0 0 0 0 0 91 0 0 0 0 0 28 0 63 0 0 0 0 0 5 0 5 0 0 0 0 27 0 0 0 0 88 36 0 0 55 0 0 0 0 0 0 0 85 0 0 0 0 0 27 30 0 0 0 0 37 0 0 0 0 0 5 0 0 0 67 0 75 0 0 0 0 0 0 89 
0 0 55 100 0 0 0 0 0 17 0 0 0 0 0 0 0 26 25 0 0 0 0 0 0 0 0 29 0 0 0 0 0 0 3 0 60 92 60 0 0 0 0 55 0 37 0 0 0 57 0 0 0 12 0 0 0 0 73 0 0 0 0 0 0 46 0 0 91 0 0 0 0 0 31 37 0 0 0 0 0 0 0 0 0 0 0 0 89 0 0 0 93 0 23 0 94 0 14 21 
42 0 0 0 0 0 0 0 0 0 0 84 0 0 0 0 0 0 37 71 0 0 0 0 0 62 0 0 0 0 62 0 99 0 0 0 93 0 0 0 0 0 31 0 0 0 0 92 0 0 0 34 0 11 0 0 0 0 0 0 47 0 0 0 75 0 0 71 0 0 0 0 0 0 33 0 0 0 0 0 0 0 0 0 0 0 5 0 0 0 0 0 0 0 57 0 0 48 0 0 
0 0 0 0 0 0 0 0 0 0 0 0 0 0 0 0 74 33 2 0 0 0 0 0 0 0 0 0 0 0 0 0 0 13 0 4 0 0 87 0 0 0 0 0 0 0 13 0 0 0 0 47 0 0 0 0 0 0 0 0 0 0 0 0 0 0 63 0 0 0 0 0 0 0 15 67 0 0 0 0 0 0 0 0 0 0 0 0 0 35 0 0 16 0 0 0 0 0 0 0 
99 66 0 0 63 0 31 0 0 68 0 0 0 0 0 0 76 0 0 0 0 0 0 0 0 0 0 0 0 0 94 0 0 0 0 0 34 0 20 0 0 0 46 0 40 0 0 0 0 0 0 0 0 50 0 0 0 0 0 0 0 0 0 0 0 0 0 0 0 32 100 26 0 0 41 0 92 0 0 0 77 0 0 0 0 0 62 0 0 0 0 0 0 79 0 0 0 0 0 0 
0 51 0 0 0 0 0 0 0 0 0 0 0 0 0 0 0 28 0 0 43 0 0 27 0 0 64 0 0 0 0 0 0 54 10 0 0 0 0 0 0 0 0 0 0 0 0 0 0 0 0 0 0 0 0 0 0 71 0 5 26 0 0 0 0 63 91 0 0 0 0 0 0 0 0 0 0 0 79 43 0 0 0 0 0 0 48 0 0 0 0 0 0 0 0 0 95 0 18 0 
0 39 16 1 0 44 0 17 0 0 0 0 0 0 0 0 0 0 0 20 0 0 0 1 13 0 0 0 0 86 0 63 0 0 0 0 0 0 24 51 0 0 0 0 0 0 0 0 35 0 0 0 0 91 0 0 0 71 0 0 0 0 0 0 0 0 50 0 0 0 0 0 86 0 0 95 85 0 69 0 0 0 0 77 0 0 80 0 0 92 13 0 0 17 0 0 0 0 0 0 
0 0 0 0 96 0 0 0 0 42 0 0 11 45 0 0 0 0 44 0 0 0 0 0 0 0 0 0 83 0 0 0 0 0 0 0 72 24 0 0 0 0 0 0 0 66 0 0 74 0 0 0 0 0 0 0 0 0 0 0 0 0 0 0 0 0 0 0 0 37 5 13 0 0 0 0 0 57 0 0 0 0 0 0 0 0 57 0 96 0 0 0 0 73 0 0 0 0 0 25 
0 72 0 0 0 0 29 0 0 0 0 0 78 97 85 0 0 0 0 0 53 0 0 0 0 49 0 0 0 15 35 0 0 0 0 0 93 20 0 0 58 0 97 0 0 0 0 0 0 0 0 0 0 38 0 0 0 0 0 0 37 0 0 0 0 0 0 0 0 0 0 0 54 0 0 0 0 0 0 0 40 0 0 0 59 0 0 0 0 0 65 0 0 0 0 0 0 52 68 0 
0 43 37 0 0 0 0 0 47 0 0 0 0 75 0 0 0 0 0 0 0 0 15 0 40 0 0 0 0 0 0 0 0 0 0 37 64 0 54 0 0 0 0 85 18 0 0 93 0 0 0 0 0 0 0 0 0 0 0 0 0 0 0 0 0 0 0 62 0 0 40 27 0 0 0 0 0 0 0 0 68 0 0 0 66 0 0 19 0 0 0 0 0 0 91 0 0 0 0 0 
0 0 0 33 59 0 0 54 0 94 0 0 83 0 0 0 0 0 0 0 0 52 0 0 0 0 0 0 0 0 0 0 10 0 0 0 0 0 0 0 42 0 0 0 0 0 0 0 0 76 0 0 0 0 0 0 0 61 0 67 0 55 0 24 0 0 0 0 0 83 0 0 0 0 0 0 0 0 0 76 0 0 0 18 0 0 0 0 0 0 0 0 90 0 0 0 0 0 0 0 
0 8 0 0 0 0 0 0 0 0 0 0 0 0 86 0 0 0 0 0 0 0 80 58 0 0 0 5 0 0 0 0 0 0 0 84 0 0 33 0 0 0 47 0 0 0 0 0 0 67 0 0 0 0 0 0 0 0 0 0 90 89 0 0 0 57 0 0 0 93 0 0 0 0 0 0 0 98 0 0 0 0 0 0 0 0 0 0 0 16 0 0 0 0 0 93 69 0 0 27 
34 0 0 55 0 89 0 0 0 0 0 14 0 79 0 0 0 98 16 14 0 0 0 0 0 0 0 0 42 0 81 0 68 0 0 0 0 0 0 0 49 0 0 0 0 95 0 0 0 21 0 0 0 0 0 0 0 0 0 0 0 53 0 0 0 0 62 0 33 0 0 0 0 0 69 0 0 0 0 69 0 23 0 0 0 0 69 0 46 0 26 0 0 44 0 0 0 0 0 0 
0 0 21 0 66 0 0 0 53 0 0 0 0 39 0 0 0 63 0 26 0 0 0 0 0 0 0 69 0 0 50 0 0 0 0 0 33 0 0 11 0 0 0 69 0 0 0 0 0 0 96 0 0 0 0 0 0 0 0 54 0 0 63 0 22 0 42 0 0 0 0 0 0 88 0 0 54 0 0 0 0 94 0 0 0 0 38 41 0 0 0 0 0 30 0 0 0 91 41 0 
0 0 50 54 0 0 0 0 70 0 65 0 17 0 0 0 24 0 54 18 0 0 10 0 0 0 16 0 0 0 0 0 76 82 93 0 0 47 0 94 0 0 0 0 0 0 54 0 0 0 0 8 0 78 0 60 0 0 9 0 0 0 75 0 0 0 0 0 0 0 0 0 97 0 59 2 0 78 0 0 0 0 0 0 0 0 0 0 0 0 0 0 0 0 0 0 0 0 0 0 
0 0 79 0 0 0 0 74 0 0 0 0 0 0 0 0 0 0 0 0 0 5 69 0 0 0 0 0 0 0 0 90 0 0 0 36 0 0 0 0 57 0 0 0 49 0 0 0 0 0 0 0 78 0 0 0 0 1 8 0 0 0 0 0 0 0 0 41 0 0 0 0 92 3 24 0 64 0 0 1 11 30 0 0 60 0 2 0 0 0 0 0 0 0 0 51 71 0 0 0 
0 0 0 0 0 0 0 0 0 0 46 98 85 0 8 0 0 0 0 0 0 0 0 0 0 0 81 0 0 0 0 0 0 0 0 0 0 0 0 0 0 0 0 0 0 0 0 0 0 0 17 0 33 0 0 32 0 0 0 0 0 0 0 0 0 0 100 0 0 70 0 0 0 81 0 0 0 0 71 0 0 0 35 0 5 0 0 0 83 0 0 0 95 0 0 0 0 0 0 0 
0 0 0 0 0 54 7 0 0 0 0 0 82 0 0 0 0 0 0 0 0 0 40 0 0 0 0 0 100 0 62 26 82 0 0 0 0 0 0 0 94 0 0 0 0 0 0 0 0 0 0 0 0 0 60 0 0 95 0 0 10 0 0 0 0 8 0 47 0 0 0 69 0 0 32 0 0 0 0 83 0 0 29 0 0 0 0 0 0 0 91 0 0 0 0 57 14 0 0 0 
0 0 0 0 0 0 0 0 85 0 88 72 0 0 0 0 0 0 18 0 51 0 0 0 0 41 0 0 0 0 34 0 0 45 0 0 0 0 0 8 15 0 0 81 78 0 42 17 0 0 10 0 0 0 0 0 0 0 0 0 0 0 0 0 0 0 0 0 0 0 49 21 12 0 0 0 0 0 0 0 42 0 0 50 0 39 0 0 0 0 0 0 0 0 0 0 0 0 0 0 
0 0 56 0 0 0 0 0 47 0 0 0 0 0 44 0 0 0 0 0 0 0 0 0 0 0 0 0 0 0 0 0 0 0 6 0 0 0 0 0 0 0 0 0 0 0 65 0 0 38 0 0 1 56 0 55 63 0 0 0 0 0 0 0 0 0 0 0 0 0 0 0 66 0 0 0 0 0 0 0 0 0 0 0 67 0 57 0 69 0 0 0 0 0 0 0 0 46 25 0 
0 0 64 0 0 0 0 0 0 0 0 0 34 73 0 0 0 0 0 0 0 0 0 0 0 0 0 0 63 0 0 32 26 0 1 0 91 0 0 0 0 6 0 0 0 0 0 0 0 41 0 53 0 0 0 0 0 0 46 0 0 0 0 0 0 0 0 0 0 0 7 0 0 0 14 82 0 0 0 0 0 0 74 17 0 0 0 0 0 0 67 28 0 0 0 0 0 0 0 0 
96 0 0 0 0 0 32 0 0 0 0 0 0 0 0 0 42 0 0 0 0 0 0 0 23 0 0 48 0 0 13 0 0 0 3 44 0 0 0 45 0 0 69 0 50 0 0 0 0 0 0 0 0 38 72 0 0 74 0 0 0 0 0 0 0 91 0 0 0 0 0 0 0 0 36 0 0 0 0 0 0 26 0 0 0 0 71 0 0 76 0 0 0 8 0 0 5 0 0 0 
0 73 74 0 0 0 45 0 0 38 0 0 0 0 0 0 74 0 0 0 0 0 0 0 0 0 0 0 4 56 0 0 0 0 0 0 0 0 44 46 0 97 0 0 0 0 0 0 0 80 0 0 0 32 0 0 0 0 0 99 0 0 75 0 0 0 0 0 0 0 0 12 0 0 8 0 27 0 0 0 0 0 48 0 85 0 3 0 0 0 0 4 0 0 9 7 0 22 0 0 
0 0 0 0 0 0 0 0 60 0 0 0 0 0 0 0 0 0 0 0 45 0 0 0 0 0 0 0 0 10 0 0 0 0 0 0 1 0 0 5 0 0 0 0 0 0 0 0 0 0 0 0 0 6 0 0 0 0 0 0 0 0 0 0 0 0 0 0 0 0 70 0 0 0 72 0 0 0 0 47 0 0 0 45 84 0 0 0 0 0 0 0 0 0 0 0 0 0 0 0 
0 80 0 0 33 0 0 0 60 0 64 0 0 0 0 0 0 63 0 0 0 0 0 0 0 0 0 0 0 0 32 0 0 85 0 43 0 0 0 92 0 87 0 0 27 0 0 0 0 0 21 0 0 8 60 0 0 0 0 67 0 0 0 0 0 0 0 0 64 0 71 0 0 0 0 0 0 88 0 0 0 0 0 0 0 0 0 0 0 0 0 0 0 0 0 0 0 0 0 0 
0 0 0 0 0 0 0 0 0 0 0 0 0 1 0 0 0 0 0 0 0 0 0 0 42 0 0 0 0 0 0 0 0 32 0 54 0 0 0 0 0 0 0 32 0 0 0 0 0 18 0 0 0 0 0 16 0 85 0 0 67 0 0 0 0 86 0 0 0 0 0 0 0 0 0 0 0 0 0 0 0 33 0 0 0 0 59 0 0 0 48 0 0 0 0 0 0 0 3 0 
0 0 81 0 84 0 0 0 0 0 0 62 0 0 0 0 0 0 0 0 0 0 15 0 0 95 0 15 0 63 0 0 0 0 0 0 0 0 0 0 96 25 0 0 59 78 0 26 0 0 0 0 0 0 0 0 31 0 34 0 0 0 0 0 0 0 58 0 35 0 0 0 73 0 0 0 6 0 0 44 96 0 0 45 0 0 0 80 0 0 0 0 0 0 0 73 48 0 0 0 
0 32 0 0 50 0 0 0 0 0 0 0 0 0 0 0 0 0 0 0 0 0 0 0 0 0 0 0 0 0 0 0 0 0 0 40 0 0 0 0 0 0 0 0 54 0 0 0 0 0 0 0 28 0 0 0 47 0 54 68 98 0 0 84 0 0 0 76 0 0 70 0 71 0 0 0 0 66 0 0 0 0 0 52 91 0 34 0 0 0 0 65 0 64 0 69 0 0 0 0 
0 0 0 0 15 0 0 0 0 0 0 25 0 88 0 46 0 0 0 0 3 0 0 0 0 0 0 0 24 0 0 0 19 0 0 0 0 0 0 0 0 99 0 0 0 0 0 0 0 0 0 47 0 0 0 0 0 0 0 6 0 0 0 0 0 0 0 0 0 0 0 0 64 0 0 0 76 0 54 0 0 0 0 0 80 53 0 0 0 0 79 78 0 0 0 0 0 49 0 0 
0 15 0 0 0 60 6 0 0 37 0 0 0 0 0 89 0 89 0 42 0 0 94 0 0 0 3 0 0 0 0 0 0 0 0 20 0 0 76 0 0 0 0 0 3 0 0 0 0 0 0 20 68 0 57 0 33 2 0 0 0 0 0 0 0 77 0 31 0 0 0 0 0 0 0 0 0 70 0 0 0 0 0 0 0 0 0 0 0 0 0 23 0 0 0 8 0 0 8 0 
33 0 96 0 0 0 0 1 0 0 0 23 0 0 82 0 0 0 56 0 0 76 0 0 0 0 0 0 0 85 0 0 0 0 0 76 0 0 0 0 0 0 0 0 0 0 0 0 0 0 0 6 16 0 0 0 0 0 0 0 21 0 84 0 0 0 0 0 0 0 0 0 28 0 0 0 0 0 0 0 0 0 0 0 18 44 0 0 0 0 0 0 0 0 0 58 0 22 0 0 
0 0 0 0 0 0 0 0 0 0 0 0 97 10 0 0 0 0 0 66 0 0 0 0 0 0 0 0 0 0 0 21 0 94 25 88 0 0 0 0 0 0 0 0 0 0 0 46 0 76 0 0 0 0 0 0 0 0 0 23 89 0 0 0 0 0 0 0 0 0 0 0 0 0 0 0 0 0 28 0 0 37 0 0 0 0 0 0 0 0 0 29 0 75 0 0 0 0 0 0 
0 0 0 0 0 0 0 0 0 0 0 0 0 0 0 45 72 0 0 0 0 0 0 39 0 0 0 64 0 92 0 97 0 0 0 0 0 0 0 0 0 0 0 62 80 0 0 0 0 60 0 0 0 0 0 0 0 0 0 79 0 0 0 0 0 0 0 0 47 0 0 0 0 0 0 0 0 0 0 0 80 63 0 37 34 0 87 77 0 0 0 0 0 0 0 0 0 0 0 31 
94 43 0 0 0 0 0 0 0 0 35 43 0 81 0 0 0 0 0 0 0 81 0 0 0 0 0 0 0 0 0 0 0 0 0 17 0 0 0 0 0 0 0 0 0 4 0 0 0 0 0 0 0 0 0 0 0 97 0 43 69 0 15 0 64 0 0 0 0 0 0 0 18 85 19 0 0 0 0 0 0 0 0 0 0 0 0 0 0 0 0 0 0 57 0 0 7 99 0 0 
0 0 0 0 0 0 0 0 0 83 0 0 0 0 0 0 45 0 7 0 0 74 0 0 0 0 0 0 0 35 0 0 0 0 0 2 0 0 0 0 0 0 0 0 0 0 0 0 0 0 0 0 0 0 0 0 0 30 0 50 0 0 0 0 0 0 0 0 0 0 26 0 0 63 0 0 0 0 0 44 0 24 0 0 54 0 0 0 0 0 10 0 0 0 39 0 85 0 0 0 
0 0 0 0 23 0 0 0 0 0 0 0 0 0 0 0 88 0 0 0 0 0 0 0 0 41 1 0 0 0 0 97 0 0 0 12 0 0 0 41 0 0 80 0 0 30 0 0 0 24 0 0 0 0 0 0 0 0 0 0 0 18 0 0 0 0 0 0 0 0 0 0 0 0 0 96 0 7 75 0 0 0 0 0 0 0 0 0 0 0 0 0 0 0 30 0 0 0 0 0 
0 78 0 0 0 0 0 0 40 0 42 0 0 0 0 0 14 91 6 0 80 0 0 0 0 0 96 0 0 23 0 81 0 0 0 0 0 0 0 0 0 0 0 55 0 0 0 0 0 64 0 0 0 0 0 0 0 0 0 0 0 0 0 0 0 26 0 81 0 0 0 17 0 0 0 0 0 0 0 0 0 0 2 94 60 0 0 0 0 0 0 0 41 0 0 37 0 0 0 0 
0 0 27 0 0 0 69 54 0 0 0 0 0 0 0 0 0 0 10 0 48 54 0 91 0 9 0 0 0 0 0 52 0 23 92 0 87 44 0 0 0 84 0 0 0 6 64 0 0 0 55 34 0 0 0 0 91 0 0 0 0 76 0 0 0 0 0 0 0 0 0 0 0 0 0 0 53 0 0 58 0 0 0 0 81 0 0 82 0 0 98 0 0 0 61 0 0 0 0 0 
0 27 80 0 0 0 0 0 0 0 0 0 0 0 0 0 0 0 0 0 0 0 0 0 0 0 0 0 0 35 0 0 0 0 0 0 77 7 0 89 0 0 0 0 0 41 9 0 0 44 0 38 0 0 64 0 0 0 0 0 0 0 0 0 0 0 0 0 0 72 0 0 0 0 0 0 0 0 0 0 62 67 0 0 36 13 0 8 75 0 0 0 0 0 0 0 0 0 0 0 
0 16 0 0 0 69 0 17 0 7 0 0 0 26 0 0 0 90 0 0 0 76 0 0 0 0 78 0 0 0 0 6 0 0 0 0 0 0 0 37 68 0 0 0 0 0 5 0 65 0 0 0 0 0 0 0 3 0 0 0 0 31 0 0 0 0 0 0 0 0 90 0 0 0 0 0 0 0 0 0 84 0 0 0 0 26 0 0 0 21 0 21 0 0 0 0 92 0 0 0 
0 0 0 0 0 0 39 0 0 2 0 0 0 0 0 0 4 0 0 0 0 27 0 0 0 81 0 0 0 0 40 0 0 0 0 0 0 98 0 0 39 0 35 0 94 0 0 0 0 0 0 67 0 0 0 24 0 0 0 0 0 0 0 0 0 0 0 0 0 74 0 0 0 27 0 0 0 0 0 0 0 0 0 0 17 34 0 0 19 0 0 0 0 0 0 29 0 0 0 0 
0 0 0 0 0 0 0 0 0 0 0 70 0 0 0 0 0 0 18 0 34 0 0 0 95 0 0 0 17 0 0 0 32 0 23 0 0 69 43 0 71 66 0 0 57 0 0 0 0 0 0 0 0 71 0 0 0 7 87 0 0 0 0 0 75 58 0 0 0 0 0 0 0 0 0 0 0 0 0 77 10 0 0 61 0 99 0 0 0 23 0 47 0 45 0 0 0 0 0 0 
0 0 0 0 0 0 0 0 0 0 0 0 0 0 0 0 0 66 0 0 0 0 0 38 0 0 0 0 0 0 64 17 0 0 8 0 17 67 0 0 0 0 81 0 0 0 0 0 0 0 75 0 0 0 17 55 0 0 0 0 0 0 0 0 0 94 32 0 0 0 0 0 90 13 0 0 0 0 0 0 0 0 0 0 0 0 0 53 87 0 0 0 0 0 0 0 0 0 0 0 
0 20 82 0 0 0 71 61 0 0 0 0 0 0 0 0 0 0 9 0 0 71 0 0 0 0 0 0 0 0 0 19 0 0 0 0 0 0 0 0 82 0 0 0 33 0 0 0 0 0 0 0 0 0 6 0 42 89 0 0 0 0 0 0 0 0 0 0 0 67 0 100 0 62 0 12 0 0 0 0 0 62 82 0 0 0 12 0 0 0 0 0 0 0 66 90 0 0 30 86 
0 0 29 0 0 0 0 0 0 0 0 57 0 0 69 0 11 0 0 0 0 68 0 0 0 0 0 0 13 26 0 0 0 0 0 0 0 0 55 0 0 0 37 0 2 0 0 0 0 0 61 0 19 32 67 19 90 0 0 0 0 64 0 26 32 0 0 0 0 0 19 0 0 0 0 0 0 0 81 0 0 0 0 0 0 94 91 0 0 0 0 0 0 83 0 0 24 8 50 31 
24 0 0 0 0 0 0 0 9 0 55 19 77 0 0 0 0 65 0 0 0 75 0 56 0 0 0 0 0 0 0 0 0 38 0 0 0 0 99 0 0 0 0 0 12 0 0 0 0 0 0 0 68 0 85 84 0 0 0 0 0 0 0 0 0 71 70 0 0 0 0 0 0 0 0 0 30 0 0 38 0 68 0 0 0 0 0 0 99 61 0 74 0 0 0 0 0 0 0 0 
0 0 0 0 0 0 0 0 57 0 0 0 0 0 0 0 0 0 40 0 0 0 0 54 0 0 8 0 0 0 52 0 0 0 0 0 0 24 0 0 0 0 2 0 0 0 0 0 0 0 0 0 0 0 0 0 0 0 50 0 0 30 0 0 0 0 0 90 0 64 0 86 0 0 58 0 94 0 0 0 0 0 0 0 0 0 0 0 0 0 0 0 0 92 0 0 0 15 0 26 
0 0 0 0 0 0 0 0 0 0 0 0 0 0 0 0 0 0 0 0 92 1 0 0 87 0 0 0 0 63 22 0 0 7 52 0 0 100 33 0 0 0 0 52 0 0 0 0 0 0 54 77 0 0 74 13 0 0 67 0 0 0 0 0 28 0 0 5 0 0 0 0 0 0 0 0 0 78 0 0 0 0 0 0 0 0 0 0 0 0 0 0 0 0 0 0 0 49 0 0 
18 0 91 0 0 0 0 0 0 0 0 0 0 18 0 37 0 0 0 79 0 0 80 29 0 92 43 0 0 0 0 0 0 0 0 0 0 0 0 0 0 0 0 0 0 0 0 19 0 0 0 0 0 0 0 0 0 0 0 0 0 0 0 0 69 42 0 0 0 0 33 0 0 0 0 0 0 0 17 0 0 0 0 0 0 0 0 0 0 0 0 0 0 0 0 67 27 0 0 0 
0 0 0 0 32 0 0 0 93 0 0 0 0 41 0 2 0 0 0 0 0 0 0 0 0 0 0 15 0 0 0 0 51 0 12 34 49 0 1 0 0 0 0 0 0 0 0 0 68 0 0 0 0 0 0 0 0 0 0 0 9 0 0 0 0 0 67 0 0 76 0 1 65 0 0 0 23 0 0 0 69 0 0 63 0 0 82 0 0 0 49 0 0 0 0 0 69 0 0 0 
0 0 0 0 42 0 0 0 0 0 15 0 20 0 0 0 0 7 0 0 0 0 0 0 18 0 0 0 0 50 0 0 100 0 0 23 0 0 0 0 0 0 0 0 0 0 0 85 0 29 47 0 15 53 92 0 0 0 0 0 39 80 0 0 0 2 21 21 0 0 0 0 0 66 6 0 0 0 0 0 0 0 55 0 0 0 0 0 71 36 63 0 0 0 21 38 0 0 43 0 
0 0 13 0 64 88 89 0 0 0 0 0 0 0 0 0 0 0 0 0 0 0 0 0 0 0 0 0 0 68 83 0 71 0 0 0 0 0 0 0 80 0 0 0 52 0 0 0 31 0 0 66 0 0 21 0 0 0 0 0 39 0 0 0 0 0 0 0 0 0 0 0 33 0 0 0 0 0 0 2 0 0 0 0 0 0 0 100 0 0 0 23 18 45 0 0 0 0 56 0 
0 0 0 0 0 31 0 0 0 0 0 78 0 0 0 0 0 55 0 0 0 46 0 0 75 0 92 62 14 0 0 0 17 0 0 0 40 0 0 0 81 0 0 0 0 0 0 0 0 14 84 88 99 60 0 0 0 0 0 0 0 0 0 0 91 0 0 0 0 0 0 3 59 0 0 0 0 0 0 0 0 84 0 0 0 0 0 0 15 0 0 0 0 0 0 0 0 0 0 0 
